000001 0.5620512820512821
000002 0.8204031765424558
000003 0.8715277777777778
000004 0.5867091488393263
000005 0.9810169491525423
000006 0.9669669669669669
000007 0.958974358974359
000008 0.9428950863213812
000009 0.6188118811881188
000010 0.682092555331992
000011 0.9669239250275634
000012 0.806359649122807
000013 0.6436363636363637
000014 0.9661016949152542
000015 0.8040947410678443
000016 0.9140595552205051
000017 0.8286334056399133
000018 0.9736694677871148
000019 0.9753046824887749
000020 0.6515775034293553
000021 0.5700958466453674
000022 0.8901489505754908
000023 0.9882377874324467
000024 0.8785310734463276
000025 0.6583225806451612
000026 0.5917049124596294
000027 0.8324175824175825
000028 0.9651972157772621
000029 0.8456294131969808
000030 0.6621890547263681
000031 0.9843329253365973
000032 0.6304611650485437
000033 0.406614498745017
000034 0.7784735812133072
000035 0.6190476190476191
000036 0.6043010752688172
000037 0.7121019108280254
000038 0.7068181818181818
000039 0.9240719910011248
000040 0.6896869244935543
000041 0.8558659217877095
000042 0.9867986798679867
000043 0.9893617021276596
000044 0.7070340826686005
000045 0.9318181818181818
000046 0.638121546961326
000047 0.7925925925925926
000048 0.9789473684210527
000049 1.0
000050 0.9692706405035172
000051 0.6813450760608487
000052 0.6454672245467225
000053 0.8266405484818805
000054 0.88301673876246
000055 0.6263800116211505
000056 0.9055891238670695
000057 0.9925373134328358
000058 0.9232456140350878
000059 0.994059405940594
000060 0.8932500743383883
000061 1.0
000062 0.9859484777517564
000063 0.9806529625151149
000064 0.7686987704918032
000065 0.6495132127955494
000066 0.9807692307692307
000067 0.59237857254412
000068 0.9270243662318484
000069 0.6518709677419355
000070 0.7005884389061959
000071 0.968421052631579
000072 0.7255676209279368
000073 0.6255144032921811
000074 0.6633812615955473
000075 0.7887952404561229
000076 0.7550335570469798
000077 1.0
000078 0.9576
000079 0.5902232951116475
000080 0.8277777777777777
000081 0.4198473282442748
000082 0.6835123183828175
000083 0.745398773006135
000084 0.9451645064805583
000085 0.6676317313259988
000086 0.718259309107223
000087 0.7380314055917273
000088 0.9444444444444444
000089 0.9536907536907537
000090 0.5279225614296351
000091 0.4156521739130435
000092 0.6947723440134908
000093 0.7238095238095238
000094 0.7694770544290288
000095 0.947577276524645
000096 0.9709576138147566
000097 0.9560774946921444
000098 0.72
000099 0.7379576107899807
000100 0.6812110418521816
000101 0.8518518518518519
000102 0.5169606512890095
000103 0.36980556614563476
000104 0.9840667678300455
000105 0.6835964310226493
000106 0.9692832764505119
000107 0.6640759930915371
000108 0.6148738379814077
000109 0.9494232475598935
000110 0.7837837837837838
000111 0.9798449612403101
000112 0.5292060880296174
000113 0.8360242179616549
000114 0.7689463955637708
000115 0.6947368421052632
000116 0.6993377483443709
000117 0.8195149464184998
000118 0.88125
000119 0.7485714285714286
000120 0.8074006672732787
000121 0.9544817927170869
000122 0.6688918558077437
000123 0.7269544924154026
000124 0.854278728606357
000125 0.8129925961308813
000126 0.9525222551928784
000127 0.978021978021978
000128 0.6217391304347826
000129 0.5685185185185185
000130 0.9235611510791367
000131 0.7770621748823384
000132 0.750523377529658
000133 0.9498098859315589
000134 0.7504332755632582
000135 0.7762771579565473
000136 0.9831460674157303
000137 0.7446592065106816
000138 0.6675603217158177
000139 0.950509461426492
000140 0.972972972972973
000141 0.7654171704957679
000142 0.8626058453974323
000143 0.9705882352941176
000144 0.7516025641025641
000145 0.47413793103448276
000146 0.8571428571428571
000147 0.6542893725992317
000148 0.7456896551724138
000149 0.5708994708994709
000150 0.9919354838709677
000151 0.6746376811594202
000152 0.946124763705104
000153 0.756578947368421
000154 0.936988936988937
000155 0.7497995188452286
000156 0.8377413597274055
000157 0.8235294117647058
000158 0.9692982456140351
000159 0.5429243433947472
000160 0.7833109017496636
000161 0.7449197860962566
000162 0.716745283018868
000163 0.7548387096774194
000164 1.0
000165 0.9774252593044539
000166 0.6549707602339181
000167 0.5745721271393643
000168 0.589242053789731
000169 0.7239336492890995
000170 0.855625717566016
000171 0.4857142857142857
000172 0.9791459781529295
000173 0.9785714285714285
000174 0.840098065922092
000175 0.8424657534246576
000176 0.8217054263565892
000177 0.8464566929133859
000178 0.624142233312539
000179 0.9770992366412213
000180 0.9419152276295133
000181 0.8666180758017493
000182 0.40398218496201205
000183 0.9565217391304348
000184 0.981651376146789
000185 0.7586715867158672
000186 0.5911330049261084
000187 0.7380660954712362
000188 0.7515625
000189 0.754894283476899
000190 0.7209457952264109
000191 0.5834248079034029
000192 0.5
000193 0.5517241379310345
000194 0.5083612040133779
000195 0.754054054054054
000196 0.9087698646262508
000197 0.96
000198 0.7926829268292683
000199 0.5813125695216907
000200 1.0
000201 0.7058823529411765
000202 0.9648117839607201
000203 0.835118827730575
000204 0.6153846153846154
000205 0.8108266562438929
000206 0.9594426474247325
000207 0.9272030651340997
000208 0.8555815768930523
000209 0.6864807995791689
000210 0.7471080973274831
000211 0.4813027744270205
000212 0.5522388059701493
000213 0.6923076923076923
000214 1.0
000215 0.5235589571872757
000216 0.8977695167286245
000217 0.7829625610417797
000218 0.6399622997172478
000219 0.6920175989943432
