000001 0.8518960883845924
000002 0.9559469765752678
000003 0.9612017723981412
000004 0.8736462093862816
000005 0.9973782254726093
000006 0.9932689968372395
000007 0.9887387387387387
000008 0.9695770467474647
000009 0.9168407856247388
000010 0.9588900308324769
000011 0.9936998147004323
000012 0.976970818815331
000013 0.8964545667997182
000014 0.9886363636363636
000015 0.942722173014467
000016 0.9839948191322047
000017 0.9861382272549786
000018 0.9940494832445975
000019 0.9956292388847023
000020 0.9079479119892232
000021 0.8672144022231619
000022 0.9849438817410348
000023 0.9942704519019515
000024 0.964267535376158
000025 0.9219006626267203
000026 0.9578046103183315
000027 0.9614512471655329
000028 0.9905611807104857
000029 0.9729501713683101
000030 0.8592048619903773
000031 0.9969117408029474
000032 0.8504062450215071
000033 0.8809887974866686
000034 0.9627934739355353
000035 0.8556116015132409
000036 0.8353626257278983
000037 0.9205515430072226
000038 0.8421242124212421
000039 0.9819515774027879
000040 0.9090257023311417
000041 0.9716235632183908
000042 0.9979123173277662
000043 0.9983548766157462
000044 0.9018538713195202
000045 0.9910979228486647
000046 0.8865882352941177
000047 0.9184228416043508
000048 0.99375
000049 0.9930555555555556
000050 0.988110964332893
000051 0.8659217877094972
000052 0.8589126949424282
000053 0.963219528286327
000054 0.9768418261369161
000055 0.8638686696608332
000056 0.9884314392650562
000057 0.9980430528375733
000058 0.9820075757575758
000059 0.9984645755648168
000060 0.9733479989846857
000061 1.0
000062 0.9971802102025121
000063 0.9963944856839873
000064 0.9688542825361512
000065 0.8234375
000066 0.9900497512437811
000067 0.9408691928923143
000068 0.9863763292246073
000069 0.9536340132145935
000070 0.8969600364340202
000071 0.9959294436906377
000072 0.9279413449421469
000073 0.9183520599250936
000074 0.9576866958482557
000075 0.9642789403806031
000076 0.9726060606060606
000077 1.0
000078 0.9899578879170716
000079 0.8627375695910924
000080 0.9286713286713286
000081 0.7134146341463414
000082 0.8862210095497953
000083 0.877842624270477
000084 0.9906643846273534
000085 0.8511884257664485
000086 0.825455058557923
000087 0.835205078125
000088 0.9896907216494846
000089 0.9921342422653382
000090 0.931958762886598
000091 0.9675614053269769
000092 0.9403430275913497
000093 0.82210753250147
000094 0.9350214112828151
000095 0.9917251304191401
000096 0.9934640522875817
000097 0.9916116696478134
000098 0.928
000099 0.885547201336675
000100 0.8398467432950192
000101 0.9285714285714286
000102 0.8406004288777699
000103 0.8045094152626363
000104 0.9957969608794051
000105 0.9270016904871676
000106 0.9921671018276762
000107 0.7167693661971831
000108 0.8922828137633636
000109 0.9881065651760228
000110 0.9360625574977001
000111 0.9953459509773503
000112 0.8682732802994853
000113 0.9834054834054834
000114 0.9442601194426012
000115 0.9580712788259959
000116 0.936990998714102
000117 0.8235294117647058
000118 0.9787234042553191
000119 0.9222245898146175
000120 0.9454784733972551
000121 0.9890277161159383
000122 0.9325886478763475
000123 0.746461787302871
000124 0.9724373986669068
000125 0.8684406527185321
000126 0.9899665551839465
000127 0.9966607739147515
000128 0.8451327433628318
000129 0.9663522012578616
000130 0.9819616685456595
000131 0.9547397260273972
000132 0.9484864577801381
000133 0.9911347517730497
000134 0.8885862448274056
000135 0.9807302758011739
000136 0.9971048060220035
000137 0.9183271494663552
000138 0.7803244005641748
000139 0.9894451962110961
000140 0.9937888198757764
000141 0.9522583201267829
000142 0.9761891295741191
000143 0.9876543209876543
000144 0.9639079029247044
000145 0.8820116054158608
000146 1.0
000147 0.9188351307674549
000148 0.9832303618711385
000149 0.8760611205432938
000150 1.0
000151 0.8685556867375049
000152 0.99048194591328
000153 0.9528487229862476
000154 0.9857292759706191
000155 0.9328114107995067
000156 0.8124218197639637
000157 0.9808917197452229
000158 0.9991445680068435
000159 0.8855187719622711
000160 0.9661628883291352
000161 0.9702564102564103
000162 0.9016669472975248
000163 0.9029430181590482
000164 1.0
000165 0.9914897596558496
000166 0.9615384615384616
000167 0.8882476390346274
000168 0.895176848874598
000169 0.9740646258503401
000170 0.9895924764890283
000171 0.9343065693430657
000172 0.9962562396006656
000173 0.9944382647385984
000174 0.981769240181084
000175 0.9858064516129033
000176 0.9986244841815681
000177 0.9825378346915018
000178 0.9010204809819453
000179 0.9951322751322751
000180 0.9908734182796173
000181 0.9884633133364098
000182 0.8624467862376998
000183 0.9577464788732394
000184 0.9959677419354839
000185 0.7932931621692428
000186 0.7984644913627639
000187 0.9490864799025579
000188 0.968018800449576
000189 0.899734084154544
000190 0.8514152286576684
000191 0.8921104837479017
000192 0.9555555555555556
000193 0.8971684053651267
000194 0.830225711481845
000195 0.9048740287261596
000196 0.9917930171094728
000197 0.9941176470588236
000198 0.986046511627907
000199 0.8970216606498195
000200 0.9974554707379135
000201 0.8603213844252163
000202 0.9861680327868853
000203 0.9463007159904535
000204 0.9606986899563319
000205 0.9253012048192771
000206 0.9922322158626329
000207 0.9032882011605415
000208 0.9684277328256385
000209 0.9108635097493036
000210 0.964106463878327
000211 0.7440878378378378
000212 0.8842832469775475
000213 0.9709035222052067
000214 0.9922779922779923
000215 0.8955723676051097
000216 0.8768421052631579
000217 0.9092529333135304
000218 0.8586834419231634
000219 0.960720887245841
