000001 0.8057046032194295
000002 0.9838528818120655
000003 0.9571674558760224
000004 0.8126259234385493
000005 0.9947701624002202
000006 0.9901374292643492
000007 0.9821029082774049
000008 0.9414024975984631
000009 0.8630999213217939
000010 0.948170731707317
000011 0.9923513446829509
000012 0.9709972404090688
000013 0.8768948093706936
000014 0.9775280898876404
000015 0.9303613053613053
000016 0.9853622382805263
000017 0.978875968992248
000018 0.9909459881361223
000019 0.9942805538832029
000020 0.9207650273224044
000021 0.8995488156410578
000022 0.9901714105991508
000023 0.9910683613878393
000024 0.9434262948207172
000025 0.9571915794425497
000026 0.9885797153992568
000027 0.9571106094808126
000028 0.9893726431264999
000029 0.9835820895522388
000030 0.8394359228104898
000031 0.9968577310651208
000032 0.8565468549422336
000033 0.965129970111403
000034 0.9903806794924274
000035 0.8169777242624925
000036 0.7557471264367817
000037 0.8890298034242232
000038 0.8227224762574745
000039 0.9803691766774099
000040 0.8843917190044196
000041 0.9616068254532527
000042 0.9986072423398329
000043 0.9981203007518797
000044 0.8876565295169946
000045 0.9823529411764705
000046 0.8306878306878307
000047 0.9394993045897079
000048 0.9875776397515528
000049 0.9862068965517241
000050 0.9816272965879265
000051 0.8309278350515464
000052 0.825697071598711
000053 0.9459021703919663
000054 0.9842803705023156
000055 0.8803661616161617
000056 0.9941820670773442
000057 0.99609375
000058 0.9673507462686567
000059 0.997807978956598
000060 0.9662355115068033
000061 1.0
000062 0.9953940634595702
000063 0.9936548223350253
000064 0.9934102141680395
000065 0.7996965098634294
000066 0.9900497512437811
000067 0.9774041455386532
000068 0.9776348895722673
000069 0.9652244708071644
000070 0.8483738961878096
000071 0.993234100135318
000072 0.9271978021978022
000073 0.8858381502890174
000074 0.9903434653791288
000075 0.9911619443722381
000076 0.9940535183349851
000077 1.0
000078 0.9938211382113821
000079 0.8801410105757932
000080 0.9146005509641874
000081 0.7905405405405406
000082 0.8636001063546929
000083 0.8473193473193473
000084 0.9825617283950617
000085 0.8331085637221848
000086 0.8100249238438105
000087 0.8089382832820998
000088 0.9795918367346939
000089 0.9868117129871098
000090 0.9582071471835252
000091 0.9823232323232324
000092 0.9285714285714286
000093 0.7687232742822235
000094 0.9170927684441198
000095 0.9919035624325296
000096 0.9958308516974389
000097 0.9884414386719951
000098 0.9206349206349206
000099 0.8261886204208886
000100 0.7957405614714425
000101 0.9629629629629629
000102 0.7762376237623763
000103 0.955562095350206
000104 0.9945108169195996
000105 0.9103531542408693
000106 0.9921671018276762
000107 0.6830956375838926
000108 0.9277040911638333
000109 0.9792550683639792
000110 0.9121470192738682
000111 0.9925742574257426
000112 0.946442234123948
000113 0.987323433538573
000114 0.9186571981923822
000115 0.9827956989247312
000116 0.910580394334907
000117 0.8034982235583493
000118 0.9898734177215189
000119 0.8854337152209493
000120 0.9926964074220292
000121 0.9883381924198251
000122 0.8988482724086129
000123 0.7149496514329977
000124 0.9584517045454546
000125 0.8403878914952169
000126 0.9899665551839465
000127 0.9937328632980806
000128 0.7740628166160081
000129 0.9653403141361256
000130 0.9808558558558559
000131 0.916763127433442
000132 0.9239524055871702
000133 0.9900814736096352
000134 0.8670142083205561
000135 0.9965167827739075
000136 0.9942263279445728
000137 0.9068210602496833
000138 0.725811741554608
000139 0.9796355841371919
000140 0.9876543209876543
000141 0.937037037037037
000142 0.9896788990825688
000143 0.9876543209876543
000144 0.9585396039603961
000145 0.8691232528589581
000146 1.0
000147 0.959102175709171
000148 0.9783372365339579
000149 0.9145461450816559
000150 1.0
000151 0.8122929701877071
000152 0.9903323262839879
000153 0.9965753424657534
000154 0.9909282700421941
000155 0.8788521774275033
000156 0.8074594594594594
000157 0.9625
000158 0.9982905982905983
000159 0.905788876276958
000160 0.9622846629871216
000161 0.9903685092127303
000162 0.858723540731238
000163 0.8771289537712895
000164 1.0
000165 0.986783320923306
000166 0.9444444444444444
000167 0.8580841358337558
000168 0.9169960474308301
000169 0.986861942709455
000170 0.9875698673563027
000171 0.8888888888888888
000172 0.9925404061334439
000173 0.9933333333333333
000174 0.9919643960934602
000175 0.9845360824742269
000176 0.9972527472527473
000177 0.9708588957055214
000178 0.8954609929078015
000179 0.9924018573237653
000180 0.990655029533633
000181 0.997516299285936
000182 0.9603668013677339
000183 0.9855072463768116
000184 0.9919678714859438
000185 0.7328170377541142
000186 0.7591240875912408
000187 0.9289461134954697
000188 0.9947501049979001
000189 0.8615937687237867
000190 0.8178336980306345
000191 0.8529325941056317
000192 0.9214285714285714
000193 0.869942196531792
000194 0.8224238496435515
000195 0.8444297956493079
000196 0.9946986607142857
000197 0.9883040935672515
000198 0.9792147806004619
000199 0.9564547947841986
000200 0.9949238578680203
000201 0.8446601941747572
000202 0.9791454730417091
000203 0.9282608695652174
000204 0.9243697478991597
000205 0.8983050847457628
000206 0.9860843067546978
000207 0.8490909090909091
000208 0.9457700650759219
000209 0.8822663723325975
000210 0.9575528700906344
000211 0.6574626865671642
000212 0.8858131487889274
000213 0.9688264058679706
000214 1.0
000215 0.9232834675872651
000216 0.8543589743589743
000217 0.8753217043179868
000218 0.8334060183166158
000219 0.9654051543998142
