000001 0.900855242318657
000002 0.9292979234355135
000003 0.9672237898849577
000004 0.9409315638823835
000005 0.9997232982844494
000006 0.9964204360559714
000007 0.9954648526077098
000008 0.9992350841407445
000009 0.9866310160427807
000010 0.9708939708939709
000011 0.9950519544779812
000012 0.9808271706381814
000013 0.9173871277617676
000014 1.0
000015 0.9676840215439856
000016 0.9852180339985218
000017 0.9939024390243902
000018 0.9971724787935909
000019 0.9981889526109267
000020 0.8937112488928255
000021 0.8393981805458363
000022 0.9815607251225394
000023 0.9974933010631861
000024 0.9862585883822611
000025 0.8992790037142233
000026 0.9322091636859138
000027 0.9658314350797267
000028 0.9927835051546392
000029 0.9589984350547731
000030 0.8897821576763485
000031 0.9965322930212397
000032 0.8481493198354951
000033 0.8050950570342206
000034 0.9341850561362757
000035 0.899404367968233
000036 0.9455621301775148
000037 0.9509870660313138
000038 0.8587758112094396
000039 0.9820693709582599
000040 0.9353172651254305
000041 0.9818511796733213
000042 0.9972183588317107
000043 0.998589562764457
000044 0.9179903952715183
000045 1.0
000046 0.9505549949545913
000047 0.9035904255319149
000048 1.0
000049 1.0
000050 0.9940898345153665
000051 0.9039928218932256
000052 0.8976461655277145
000053 0.9825268817204301
000054 0.9691639617510308
000055 0.8574034660991183
000056 0.9820703653585927
000057 1.0
000058 1.0
000059 0.9991220368744512
000060 0.9790317081486533
000061 1.0
000062 0.9979455572675912
000063 1.0
000064 0.9465685683271017
000065 0.8502415458937198
000066 0.9950248756218906
000067 0.9072973419184415
000068 0.9951047358834244
000069 0.9319859202906778
000070 0.9507246376811594
000071 0.998639455782313
000072 0.9211190094015134
000073 0.9455676516329704
000074 0.9250089886486209
000075 0.9450941770281915
000076 0.9458946369245372
000077 1.0
000078 0.9864472410454985
000079 0.8414909638554217
000080 0.9460227272727273
000081 0.6333333333333333
000082 0.913981507425049
000083 0.904384133611691
000084 0.9989017885158457
000085 0.8693661971830986
000086 0.8357307249712314
000087 0.8682816048448145
000088 1.0
000089 0.9973638623182948
000090 0.90625
000091 0.9520114355727997
000092 0.9448640483383686
000093 0.8845829823083403
000094 0.9567033801747057
000095 0.9921762589928057
000096 0.9914048606994665
000097 0.994492915042386
000098 0.9354838709677419
000099 0.9540954095409541
000100 0.8950784207679827
000101 0.896551724137931
000102 0.9002338269680437
000103 0.6925545571245186
000104 0.9970864357397216
000105 0.9430181590482154
000106 0.9921671018276762
000107 0.7555555555555555
000108 0.8558324679820007
000109 0.9971195391262602
000110 0.9607935758148323
000111 1.0
000112 0.7985735897990058
000113 0.9735896514552641
000114 0.9713310580204778
000115 0.934560327198364
000116 0.9670394349617422
000117 0.8422866992243608
000118 0.9678217821782178
000119 0.9630947087594487
000120 0.907932519741565
000121 0.9900990099009901
000122 0.9748987854251012
000123 0.7707275803722504
000124 0.9978062157221207
000125 0.8970299803866629
000126 0.9899665551839465
000127 0.9996059889676912
000128 0.9293544457978076
000129 0.9678908709338929
000130 0.9825056433408578
000131 0.9959986281010632
000132 0.976404800872886
000133 0.9893503727369543
000134 0.9059948431456811
000135 0.9665609980570611
000136 1.0
000137 0.9316136216015589
000138 0.8414029736942432
000139 0.9994532531437944
000140 1.0
000141 0.9687877567458719
000142 0.9673027563887959
000143 0.9876543209876543
000144 0.9599499374217773
000145 0.8835078534031413
000146 1.0
000147 0.8798506045451668
000148 0.9887640449438202
000149 0.8459792854649133
000150 1.0
000151 0.9327695560253699
000152 0.991236022967664
000153 0.9140526976160602
000154 0.9812108559498957
000155 0.9937538086532602
000156 0.8186494473021779
000157 1.0
000158 1.0
000159 0.8677641099855282
000160 0.9705783173157984
000161 0.952151186168074
000162 0.9487770294221907
000163 0.927741935483871
000164 0.9954128440366973
000165 0.9960533734260477
000166 0.9815668202764977
000167 0.9200652528548124
000168 0.8907035175879398
000169 0.9534102833158447
000170 0.9925448148768637
000171 0.9923076923076923
000172 0.9991649269311065
000173 0.9955456570155902
000174 0.9731137216906867
000175 0.9896640826873385
000176 0.977961432506887
000177 0.9945011783189317
000178 0.9059313514289817
000179 0.9978777589134126
000180 0.9915328982183806
000181 0.9780487804878049
000182 0.7861937935402153
000183 0.9315068493150684
000184 1.0
000185 0.8749286122215877
000186 0.8421052631578947
000187 0.9681274900398407
000188 0.9426865671641791
000189 0.9384615384615385
000190 0.8844280793443402
000191 0.9401791426743442
000192 0.9923076923076923
000193 0.9323076923076923
000194 0.8513870541611624
000195 0.9746386000507228
000196 0.9877947295423024
000197 1.0
000198 0.9929742388758782
000199 0.8436929090368356
000200 1.0
000201 0.8841309823677582
000202 0.9932920536635707
000203 0.9655771905424201
000204 1.0
000205 0.9584700478110059
000206 0.9984572662758407
000207 0.9628099173553719
000208 0.9928478543563068
000209 0.9371892174823344
000210 0.9695252679938744
000211 0.8667315175097277
000212 0.9172413793103448
000213 0.9760589318600368
000214 0.9865900383141762
000215 0.8729680915111379
000216 0.9059459459459459
000217 0.9434487021013597
000218 0.8864689527340129
000219 0.9643596229018165
