000001 65.13944223107569
000002 39.313490876458275
000003 44.59720730397422
000004 71.38989169675091
000005 73.45814977973568
000006 65.62146436075642
000007 57.71812080536913
000008 84.0515166104959
000009 71.56177156177156
000010 64.67005076142132
000011 55.71181840611893
000012 53.249782986111114
000013 62.127464465841356
000014 50.56179775280899
000015 27.364185110663986
000016 50.41581962668638
000017 87.5242154203797
000018 55.69778332812988
000019 46.797955502104635
000020 52.459016393442624
000021 76.53889374453739
000022 47.679987438172255
000023 73.61731363792511
000024 48.137821151165106
000025 58.70096612734257
000026 55.49634179387589
000027 56.09480812641083
000028 58.096542280041085
000029 71.15796232876713
000030 78.52626459143968
000031 45.306741816605246
000032 76.57197574210024
000033 52.925628873496166
000034 61.92039392695937
000035 77.53145596165368
000036 76.82926829268293
000037 65.83969465648855
000038 79.22671353251319
000039 64.99413145539906
000040 65.9772251917267
000041 64.45076430856737
000042 61.97771587743732
000043 55.31015037593985
000044 80.36480686695279
000045 71.76470588235294
000046 83.43612334801762
000047 63.35403726708074
000048 36.024844720496894
000049 65.51724137931035
000050 69.9445579223811
000051 72.99752270850537
000052 79.1928501605921
000053 54.157230669686186
000054 68.66562708843841
000055 74.82908638906153
000056 54.45205479452054
000057 41.796875
000058 63.16279069767442
000059 46.25164401578255
000060 44.775365976779405
000061 100.0
000062 52.254098360655746
000063 61.4116652578191
000064 47.58227848101266
000065 79.81859410430839
000066 70.79207920792079
000067 50.12448870709586
000068 65.69367555779232
000069 61.92547313976725
000070 57.007330746011206
000071 53.85656292286875
000072 69.4066035557608
000073 74.26900584795322
000074 51.49582050153981
000075 51.68495803744351
000076 54.31421446384041
000077 54.807692307692314
000078 56.43693107932379
000079 73.07843910130075
000080 85.16483516483517
000081 51.03448275862069
000082 79.33949801849406
000083 77.70825185764568
000084 62.901234567901234
000085 79.60837272113437
000086 82.57110987172337
000087 81.20459339114132
000088 55.10204081632652
000089 54.147104851330205
000090 63.301915475828515
000091 77.32827644332069
000092 63.96731054977711
000093 71.90173551698851
000094 84.22586520947176
000095 54.01420480086308
000096 54.4209586186365
000097 50.92250922509225
000098 79.36507936507937
000099 42.40062353858145
000100 78.62632084534101
000101 55.55555555555556
000102 78.45637583892618
000103 56.678486997635936
000104 53.50339037778495
000105 71.35526712948989
000106 79.63446475195822
000107 80.48525413093495
000108 57.086540266566544
000109 56.058462989156055
000110 83.2286995515695
000111 53.73687461395923
000112 58.86116442738324
000113 56.877052170740605
000114 61.45900581020013
000115 52.473118279569896
000116 57.10329548601495
000117 90.31728665207878
000118 45.31645569620253
000119 50.83776052308949
000120 47.75446165914885
000121 69.23466801824632
000122 72.636815920398
000123 85.2755905511811
000124 56.184118060435694
000125 83.63779734524904
000126 42.474916387959865
000127 60.752056404230316
000128 60.34308779011099
000129 73.49095093629042
000130 28.338028169014084
000131 62.27507103020099
000132 76.75829139243774
000133 50.0177619893428
000134 82.77280674688882
000135 51.80811808118081
000136 53.92609699769053
000137 63.49635233720616
000138 76.57538766083802
000139 60.45016077170418
000140 43.20987654320987
000141 57.63685953633353
000142 60.726110286562395
000143 49.382716049382715
000144 57.15178013741412
000145 74.45442875481386
000146 58.06451612903226
000147 59.3827671913836
000148 52.95494441193681
000149 59.982393259133495
000150 43.776824034334766
000151 57.94530672579453
000152 52.53623188405797
000153 60.0547195622435
000154 55.57663925785368
000155 61.54364224137932
000156 89.10901807946303
000157 56.25
000158 48.034188034188034
000159 67.22085773663329
000160 43.40158796489762
000161 59.78670012547052
000162 38.25557158890492
000163 60.631834750911295
000164 45.622119815668206
000165 73.96163158875024
000166 61.86252771618626
000167 76.68525088697416
000168 59.196891191709845
000169 61.90269331016507
000170 65.7638136511376
000171 82.06896551724138
000172 52.218996267109084
000173 63.11111111111111
000174 55.20987654320988
000175 58.354755784061695
000176 60.95505617977528
000177 79.83128834355828
000178 78.24172702741087
000179 52.97593921485859
000180 49.48889672188932
000181 47.29477611940299
000182 56.94230175871644
000183 71.01449275362319
000184 71.08433734939759
000185 85.57829604950024
000186 53.47985347985348
000187 63.17049808429118
000188 56.05837883242335
000189 60.47976011994003
000190 78.79920826918848
000191 67.34397677793905
000192 85.71428571428571
000193 83.66762177650429
000194 63.76440460947504
000195 86.09096901779829
000196 67.20670391061454
000197 53.3625730994152
000198 77.82909930715935
000199 38.14870139256975
000200 58.37563451776649
000201 78.98550724637681
000202 66.68362156663275
000203 54.395053475935825
000204 84.87394957983193
000205 79.48807854137448
000206 57.480954799390545
000207 96.45522388059702
000208 67.69993800371978
000209 72.82393669634025
000210 56.36528575748413
000211 69.68796433878157
000212 71.90635451505017
000213 70.32297379646558
000214 45.8252427184466
000215 66.38612598826829
000216 93.87755102040816
000217 82.5401376146789
000218 76.67103538663171
000219 64.04882542607093
