000001 0.7241025641025641
000002 0.46059865607819184
000003 0.828125
000004 0.6868456986800182
000005 0.8745762711864407
000006 0.8344058344058344
000007 0.8051282051282052
000008 0.9090305444887118
000009 0.5099009900990099
000010 0.8189134808853119
000011 0.7767364939360529
000012 0.7641447368421053
000013 0.7727272727272727
000014 0.9661016949152542
000015 0.6680048173424328
000016 0.8021108179419525
000017 0.6475054229934925
000018 0.9047619047619048
000019 0.6812059012187299
000020 0.8998628257887518
000021 0.9155271565495208
000022 0.8534190927555857
000023 0.9668326798770795
000024 0.684557438794727
000025 0.8314838709677419
000026 0.9144994050654428
000027 0.5714285714285714
000028 0.7764887857695282
000029 0.838081324567811
000030 0.7835820895522388
000031 0.7995104039167686
000032 0.8331310679611651
000033 0.8978296175992913
000034 0.9275929549902152
000035 0.6679197994987469
000036 0.7333333333333333
000037 0.8789808917197452
000038 0.8426136363636364
000039 0.9274465691788526
000040 0.7900552486187845
000041 0.6089385474860335
000042 0.8217821782178217
000043 0.7513297872340425
000044 0.8854242204496011
000045 0.75
000046 0.7265193370165746
000047 0.8654320987654321
000048 0.8210526315789474
000049 0.5555555555555556
000050 0.9278045168456127
000051 0.7662129703763011
000052 0.7877266387726639
000053 0.8805093046033301
000054 0.8882828662779763
000055 0.8460197559558397
000056 0.8617824773413897
000057 0.7388059701492538
000058 0.8004385964912281
000059 0.6881188118811881
000060 0.8819506393101397
000061 100.0%
000062 0.7857142857142857
000063 0.6856106408706167
000064 0.8481045081967213
000065 0.7885952712100139
000066 0.7115384615384616
000067 0.9511166640637201
000068 0.8039625892197884
000069 0.8454193548387097
000070 0.7580477673935618
000071 0.656140350877193
000072 0.8060217176702863
000073 0.6954732510288066
000074 0.9031771799628943
000075 0.8309370352007932
000076 0.8098434004474273
000077 0.7105263157894737
000078 0.6752
000079 0.7948098974049487
000080 0.9277777777777778
000081 0.8625954198473282
000082 0.8325963360707518
000083 0.8343558282208589
000084 0.7647058823529411
000085 0.8268674001158077
000086 0.8806639748766263
000087 0.8636537725009575
000088 0.4444444444444444
000089 0.8918414918414919
000090 0.8317200297840656
000091 0.9269565217391305
000092 0.7386172006745363
000093 0.8771929824561403
000094 0.848452508004269
000095 0.7136591478696742
000096 0.7590266875981162
000097 0.778131634819533
000098 0.84
000099 0.5924855491329479
000100 0.7666963490650045
000101 0.9629629629629629
000102 0.6743554952510177
000103 0.9519634006862371
000104 0.8019726858877086
000105 0.8311599176389842
000106 0.9488054607508533
000107 0.8543465745538285
000108 0.8223771580345286
000109 0.8509316770186336
000110 0.8828828828828829
000111 0.6852713178294574
000112 0.9278074866310161
000113 0.7976791120080726
000114 0.7523105360443623
000115 0.9736842105263158
000116 0.7019867549668874
000117 0.9108855047941342
000118 0.79375
000119 0.7721428571428571
000120 0.9420685471640886
000121 0.9131652661064426
000122 0.8057409879839786
000123 0.838973162193699
000124 0.8850855745721271
000125 0.8887031287317889
000126 0.8635014836795252
000127 0.7615384615384615
000128 0.7086956521739131
000129 0.8618518518518519
000130 0.6879496402877698
000131 0.424820411196433
000132 0.8412421493370551
000133 0.7688212927756654
000134 0.8534290666006438
000135 0.8408690546095127
000136 0.7471910112359551
000137 0.8290946083418108
000138 0.8092046470062556
000139 0.8107714701601164
000140 0.4864864864864865
000141 0.8792825473599355
000142 0.8142583993444414
000143 0.6470588235294118
000144 0.7211538461538461
000145 0.8390804597701149
000146 0.8571428571428571
000147 0.8704225352112676
000148 0.5617816091954023
000149 0.8926984126984127
000150 0.8064516129032258
000151 0.6376811594202898
000152 0.7362948960302458
000153 0.8733552631578947
000154 0.7748917748917749
000155 0.6255012028869287
000156 0.9320136297257829
000157 0.38235294117647056
000158 0.6535087719298246
000159 0.8561348490787927
000160 0.7592343352774039
000161 0.8155080213903744
000162 0.405188679245283
000163 0.7247311827956989
000164 0.6210526315789474
000165 0.9560707748627212
000166 0.8947368421052632
000167 0.6931540342298288
000168 0.7139364303178484
000169 0.7914691943127962
000170 0.7224454649827784
000171 0.5428571428571428
000172 0.64746772591857
000173 0.7428571428571429
000174 0.8289294470171615
000175 0.8013698630136986
000176 0.7751937984496124
000177 0.7244094488188977
000178 0.7985028072364317
000179 0.666030534351145
000180 0.8203383917669632
000181 0.9125364431486881
000182 0.9405292114225832
000183 0.8695652173913043
000184 0.9724770642201835
000185 0.847970479704797
000186 0.6009852216748769
000187 0.6156670746634026
000188 0.79296875
000189 0.8234142521534847
000190 0.8012491635065804
000191 0.6256860592755215
000192 0.4411764705882353
000193 0.7310344827586207
000194 0.8004459308807135
000195 0.8313513513513513
000196 0.8746321365509123
000197 0.7566666666666667
000198 0.6463414634146342
000199 0.7362995921394142
000200 0.6666666666666666
000201 0.8663101604278075
000202 0.9386252045826514
000203 0.8651643886220909
000204 0.38461538461538464
000205 0.8856752003126832
000206 0.8001990544911669
000207 0.9655172413793104
000208 0.8657298985167837
000209 0.8111520252498685
000210 0.8520143597925808
000211 0.6151990349819059
000212 0.7835820895522388
000213 0.8568376068376068
000214 0.5352112676056338
000215 0.9127003109303994
000216 0.9535315985130112
000217 0.8686923494302767
000218 0.7229029217719133
000219 0.7674418604651163
