000001 0.26677782409337225
000002 0.4426016862781432
000003 0.53817375640848
000004 0.2683898009081383
000005 0.39212627328622557
000006 0.36622289027270777
000007 0.4060876020786934
000008 0.8256496227996647
000009 0.2350253807106599
000010 0.3814500326583932
000011 0.41794221167226
000012 0.417017215171975
000013 0.2992093216812318
000014 0.650375939849624
000015 0.5834410190142145
000016 0.43829967861257657
000017 0.14774185270721069
000018 0.5438505448884277
000019 0.41651247687153076
000020 0.46724775488642367
000021 0.16886743664885365
000022 0.3868631881676253
000023 0.7921189845285922
000024 0.34262146011951156
000025 0.27256317689530685
000026 0.3293253734689874
000027 0.35056425191117585
000028 0.4215952866530705
000029 0.3489136013686912
000030 0.19941755651088613
000031 0.4284994239631336
000032 0.2117411375315739
000033 0.3379737806527781
000034 0.36763580719204286
000035 0.23086376404494383
000036 0.20791788856304985
000037 0.35152360087631945
000038 0.24950736605048324
000039 0.4803959254276379
000040 0.3006390464565233
000041 0.2639664804469274
000042 0.40877598152424943
000043 0.34584702017832003
000044 0.24464416344445605
000045 0.2475442043222004
000046 0.14503182950456683
000047 0.32625786163522014
000048 0.5797101449275363
000049 0.23218390804597702
000050 0.7443231230070538
