000001 11995
000002 43172
000003 14434
000004 14315
000005 10897
000006 18628
000007 1347
000008 25053
000009 3940
000010 3062
000011 12217
000012 56578
000013 7209
000014 266
000015 10834
000016 16491
000017 15588
000018 9635
000019 19997
000020 3786
000021 58010
000022 38944
000023 35097
000024 15396
000025 28808
000026 35679
000027 2747
000028 8826
000029 29225
000030 14422
000031 27776
000032 11481
000033 40657
000034 15684
000035 5696
000036 3410
000037 5021
000038 10657
000039 10406
000040 13927
000041 8592
000042 2165
000043 6393
000044 9569
000045 509
000046 3613
000047 5088
000048 483
000049 435
000050 10349
