000001 0.9228007181328546
000002 0.9438538611925709
000003 0.9439138739364473
000004 0.9242148384160218
000005 0.980325644504749
000006 0.9927069927069927
000007 0.9922879177377892
000008 0.9438247011952191
000009 0.9789603960396039
000010 0.9344758064516129
000011 0.9928335170893055
000012 0.9307017543859649
000013 0.9390632105502501
000014 1.0
000015 0.9108791649939784
000016 0.9783182503770739
000017 0.9842733188720173
000018 0.985990473521995
000019 0.9566960705693665
000020 0.9718406593406593
000021 0.9473415132924335
000022 0.9202775897088693
000023 0.9897742926777577
000024 0.9677495291902072
000025 0.9423151374370886
000026 0.9081944916695002
000027 0.9793388429752066
000028 0.9980665119876256
000029 0.9399805210616021
000030 0.9417620706819313
000031 0.9948592411260709
000032 0.8685887708649469
000033 0.8984865263935031
000034 0.9463586530931871
000035 0.9698870765370138
000036 0.9580193756727664
000037 0.9369024856596558
000038 0.9213068181818181
000039 0.9555555555555556
000040 0.8947974217311234
000041 0.9720357941834452
000042 0.9950413223140496
000043 1.0
000044 0.9455732946298984
000045 0.9886363636363636
000046 0.9653739612188366
000047 0.9672637430512662
000048 0.9947089947089947
000049 1.0
000050 0.9798222880414661
000051 0.9142628205128205
000052 0.9517366438833869
000053 0.9901960784313726
000054 0.9414585978276202
000055 0.8131900058105752
000056 0.9622071050642479
000057 0.9925093632958801
000058 0.9945054945054945
000059 0.9960356788899901
000060 0.986914498141264
000062 0.997070884592853
000063 0.9945553539019963
000064 0.9127594158339739
000065 0.967966573816156
000066 1.0
000067 0.8792753396845229
000068 0.9888
000069 0.8708053691275168
000070 0.880713296398892
000071 0.9964788732394366
000072 0.9254320987654321
000073 0.9731404958677686
000074 0.9254899686883915
000075 0.8756817055032227
000076 0.9692049272116461
000077 1.0
000078 0.9863945578231292
000079 0.9387262300030184
000080 0.9749303621169917
000081 0.9808429118773946
000082 0.9450236966824644
000083 0.9670118910625239
000084 0.9636000997257542
000085 0.9148319814600232
000086 0.9560242315458829
000087 0.9287492817467918
000088 1.0
000089 0.9780074603668014
000090 0.9102086438152012
000091 0.9739016963897347
000092 0.9662447257383966
000093 0.852953463113042
000094 0.9797008547008547
000095 0.9803675856307436
000096 0.9890023566378633
000097 0.9838099661601751
000098 0.98
000099 0.7878495660559306
000100 0.9167408726625111
000101 1.0
000102 0.9796195652173914
000103 0.9359267734553776
000104 0.9973424449506454
000105 0.8952969447305184
000106 0.9931623931623932
000107 0.9701986754966887
000108 0.9727755644090306
000109 0.9751332149200711
000110 0.9672686230248307
000111 0.9937888198757764
000112 0.9443644590703414
000113 0.9147325933400605
000114 0.9814814814814815
000115 1.0
000116 0.9764822789002982
000117 0.9777213761985336
000118 0.9842767295597484
000119 0.9517857142857142
000120 0.9511603215531624
000121 0.969421101774043
000122 0.8981975967957276
000123 0.9830607476635514
000124 0.9823874755381604
000125 0.9116101290014333
000126 0.9925595238095238
000127 0.9879054425508521
000128 0.8869565217391304
000129 0.9227634747175403
000130 0.9096223021582733
000131 0.953183056725291
000132 0.9357878206246728
000133 0.9756561430201598
000134 0.9398365932161427
000135 0.9745961820851688
000136 0.9971830985915493
000137 0.8822382365409072
000138 0.9052513966480447
000139 0.9927113702623906
000140 1.0
000141 0.7995565857099668
000142 0.9510995765605792
000143 1.0
000144 0.8509615384615384
000145 0.985632183908046
000146 1.0
000147 0.9016005121638925
000148 0.9460819554277499
000149 0.9306804952905069
000150 0.9959349593495935
000151 0.9608411892675852
000152 0.9891252955082742
000153 0.9572016460905349
000154 0.9706519124368534
000155 0.8662636481401518
000156 0.9594353399318514
000157 0.9850746268656716
000158 1.0
000159 0.9766666666666667
000160 0.8544190219829519
000161 0.9681647940074907
000162 0.9895047169811321
000163 0.9795479009687836
000164 1.0
000165 0.9639914555996338
000166 0.9649122807017544
000167 0.9767726161369193
000168 0.9840686274509803
000169 0.8820740740740741
000170 0.9140355912743973
000171 1.0
000172 0.9980119284294234
000173 0.9928057553956835
000174 0.9767093435031327
000175 0.9794520547945206
000176 0.9612403100775194
000177 0.9901380670611439
000178 0.964597629444791
000179 0.9961795606494747
000180 0.9313622885051457
000181 0.8851203501094091
000182 0.9642342460369449
000183 1.0
000184 0.9769585253456221
000185 0.9546125461254612
000186 0.9113300492610837
000187 0.9430496019595835
000188 0.9699140401146131
000189 0.9723854289071681
000190 0.928053541550474
000191 0.9662458836443468
000192 1.0
000193 0.9757785467128027
000194 0.9615170105967652
000195 0.8875675675675676
000196 0.907243816254417
000197 0.998330550918197
000198 1.0
000199 0.9298798576090181
000200 1.0
000201 0.9893048128342246
000202 0.9877250409165302
000203 0.8783401058982884
000204 1.0
000205 0.9225131913230409
000206 0.9706394625528738
000207 0.9481765834932822
000208 0.9668227946916471
000209 0.9023941068139963
000210 0.9898264512268103
000211 0.9969806763285024
000212 0.9511278195488722
000213 0.9572649572649573
000214 1.0
000215 0.9047960770242794
000216 0.9646511627906976
000217 0.8564839934888768
000218 0.9816037735849057
000219 0.9494171112428373
000220 0.9839871897518014
000221 0.9575163398692811
000222 0.9602248770203795
000223 0.9630128781072177
000224 0.9936254980079682
000225 0.9257731958762887
000226 0.9780677401443643
000227 0.9516400336417157
000228 0.9884649511978705
000229 0.9532619279454723
000230 0.9626485568760611
000231 1.0
000232 0.9283819628647215
000233 0.9698208722741433
000234 0.9791666666666666
000235 0.9632774845076888
000236 0.9585365853658536
000237 0.9678006185191923
000238 0.9551961823966065
000239 0.943986820428336
000241 0.9979399646851089
000242 0.9830209481808159
000243 0.9907834101382489
000244 0.9577167019027484
000245 0.9796484736355227
000246 0.9738562091503268
000247 1.0
000248 1.0
000249 0.9727527374586198
000250 0.9271123491179202
000251 0.9454008853910477
000252 0.9773499433748585
000253 1.0
000254 0.9421352893235534
000255 0.9201012026987386
000256 0.9242950946311317
000257 0.9786096256684492
000258 0.94
000259 0.9118519811485425
000260 0.953524266849597
000261 0.9530909090909091
000262 0.9892134085628941
000263 0.9925187032418953
000264 0.993950125424229
000265 0.9578351164254248
000266 0.9943863230415922
000267 0.9871031746031746
000268 0.9992987377279102
000269 0.9109557109557109
000270 0.9230769230769231
000271 0.9901506373117034
000272 1.0
000273 0.9503269700772838
000274 0.9313560306762724
000275 0.8818316100443131
000276 0.9004432321854756
000277 0.9741721854304636
000278 0.992274678111588
000279 0.9423076923076923
000280 0.9232032335480611
000281 0.932286995515695
000282 1.0
000284 0.9777321000342583
000285 0.9452503509592888
000286 1.0
000288 0.9957627118644068
000289 0.9222222222222223
000290 0.9575685672412589
000291 0.9734375
000292 0.9303030303030303
000293 0.9305627593360996
000294 0.9592217484008528
000295 0.9639759839893263
000296 0.9368191721132898
000297 0.9953271028037384
000298 0.9298983672109297
000299 0.9437022900763359
000300 0.8929607171104667
000301 1.0
000302 0.9813780260707635
