000001 0.9122193059200934
000002 0.9593812154696133
000003 0.9681553780932662
000004 0.9349736379613357
000005 0.9897454031117398
000006 0.996276013143483
000007 0.995850622406639
000008 0.9693300464037123
000009 0.987582176771366
000010 0.9575994781474233
000011 0.9960972680876614
000012 0.9607550919026329
000013 0.9508076358296622
000014 1.0
000015 0.9468772433596554
000016 0.9873389849168777
000017 0.9904949196984595
000018 0.9928693667997718
000019 0.9743589743589743
000020 0.9819144243493604
000021 0.909549945115258
000022 0.9499575010624735
000023 0.9947929313368407
000024 0.9795063575168287
000025 0.9493024838380402
000026 0.9082100968893422
000027 0.9882352941176471
000028 0.9989822918786891
000029 0.9608574831282255
000030 0.9358552631578947
000031 0.9973268839103869
000032 0.8569540799471423
000033 0.9002394253790902
000034 0.9581423770241368
000035 0.9738562091503268
000036 0.9585547290116897
000037 0.9551427276846398
000038 0.920195908959954
000039 0.9762976297629763
000040 0.913594252221592
000041 0.9831763122476447
000042 0.9974424552429667
000043 1.0
000044 0.9486652977412731
000045 0.9941520467836257
000046 0.9643366619115549
000047 0.9740577581987273
000048 0.9973333333333333
000049 1.0
000050 0.9893273279154019
000051 0.9252793296089385
000052 0.9472882388787325
000053 0.9932930918846412
000054 0.9648751586965721
000055 0.7934468358496627
000056 0.976915974145891
000057 0.9962264150943396
000058 0.9971181556195965
000059 0.9979550102249489
000060 0.9924242424242424
000062 0.9985132322331252
000063 0.9972179289026275
000064 0.9385434527569714
000065 0.9662261380323054
000066 1.0
000067 0.9003609177623099
000068 0.9941629249518923
000069 0.8729856617180561
000070 0.9191599202158864
000071 0.9981949458483754
000072 0.9386178861788618
000073 0.9764065335753176
000074 0.9281279713630516
000075 0.9051177750449343
000076 0.9771119434040783
000077 1.0
000078 0.9929664873810509
000079 0.9214092140921409
000080 0.9783132530120482
000081 0.968944099378882
000082 0.950736126840317
000083 0.9696541990119972
000084 0.9811612903225806
000085 0.9014745308310992
000086 0.9484752891692955
000087 0.9267428121307602
000088 1.0
000089 0.9886176245827133
000090 0.8870135958743554
000091 0.9691040164778579
000092 0.9736495388669302
000093 0.8642603732839734
000094 0.9844262295081967
000095 0.9895100993192724
000096 0.9941398074508162
000097 0.9914295749912189
000098 0.9818181818181818
000099 0.8576972833117723
000100 0.9140229885057471
000101 1.0
000102 0.9805950840879689
000103 0.913624678663239
000104 0.9986509924841009
000105 0.914011840992388
000106 0.9964601769911504
000107 0.9550683742131539
000108 0.9766115231032516
000109 0.9869706840390879
000110 0.9737556561085973
000111 0.9968329374505146
000112 0.9422563774148789
000113 0.9404719971821064
000114 0.9872286079182631
000115 1.0
000116 0.9836593785960874
000117 0.9686880697582243
000118 0.9891067538126361
000119 0.9711476811284463
000120 0.9707379134860051
000121 0.9822131704005431
000122 0.9106358042777615
000123 0.9770023790642347
000124 0.9906711583311739
000125 0.8959797582232218
000126 0.9960845732184808
000127 0.9938306225462703
000128 0.9145673603504929
000129 0.9251480883144857
000130 0.9396215079603485
000131 0.9744939271255061
000132 0.947978512864009
000133 0.9864176570458404
000134 0.9430246189917937
000135 0.9823307118782555
000136 0.9985754985754985
000137 0.9128333856291183
000138 0.8375478927203065
000139 0.9962321024868124
000140 1.0
000141 0.8478310764287353
000142 0.9688587334725122
000143 1.0
000144 0.8795336787564767
000145 0.9827586206896551
000146 1.0
000147 0.8970322234876399
000148 0.9697946033024567
000149 0.9251086210839241
000150 0.9979296066252588
000151 0.9721362229102167
000152 0.9940919599280761
000153 0.9690844233055886
000154 0.9832830912578788
000155 0.9236350827756252
000156 0.9384236453201971
000157 0.990990990990991
000158 1.0
000159 0.9759060538570561
000160 0.8956647553721665
000161 0.9774236387782205
000162 0.9934360941072351
000163 0.9846153846153847
000164 1.0
000165 0.980084388185654
000166 0.9734513274336283
000167 0.9797872340425532
000168 0.9851767388825542
000169 0.904921165790731
000170 0.9463021066786195
000171 1.0
000172 0.9989969909729187
000173 0.9962962962962963
000174 0.9848444562616325
000175 0.9879518072289156
000176 0.9790794979079498
000177 0.994475138121547
000178 0.9627318995238877
000179 0.9980554205153136
000180 0.9614461372654681
000181 0.921426789723123
000182 0.9506418369191828
000183 1.0
000184 0.988009592326139
000185 0.9382219989954796
000186 0.9291338582677166
000187 0.962363415621206
000188 0.9763004001231148
000189 0.9839608690706404
000190 0.9385655776740642
000191 0.9703971119133574
000192 1.0
000193 0.9757785467128027
000194 0.9608177172061328
000195 0.904455672944419
000196 0.9184571576494952
000197 0.9991204925241864
000198 1.0
000199 0.9322052127773993
000200 1.0
000201 0.9885057471264368
000202 0.9936278674596432
000203 0.9231666537055758
000204 1.0
000205 0.9412113574023279
000206 0.9841801850113956
000207 0.9487666034155597
000208 0.9780531887425769
000209 0.9208786521646406
000210 0.992198256080771
000211 0.9970255800118977
000212 0.9473684210526315
000213 0.9609375
000214 1.0
000215 0.8944856839872747
000216 0.9642184557438794
000217 0.8833517089305403
000218 0.9824561403508771
000219 0.9660026560424967
000220 0.9811320754716981
000221 0.9742063492063492
000222 0.9768355570107228
000223 0.9753074077776667
000224 0.9967479674796748
000225 0.9479768786127167
000226 0.9873377143773041
000227 0.9643410852713178
000228 0.9941467807294012
000229 0.9626981659931614
000230 0.9749715585893061
000231 1.0
000232 0.9562398703403565
000233 0.9830656615317382
000234 0.9889657752010473
000235 0.9801955687585097
000236 0.9357277882797732
000237 0.9773686229382432
000238 0.9723358978556228
000239 0.9438149197355996
000241 0.9989522526567879
000242 0.9911524761576468
000243 0.9935275080906149
000244 0.9585062240663901
000245 0.9842406876790831
000246 0.98
000247 1.0
000248 1.0
000249 0.9852750942669198
000250 0.9460017196904558
000251 0.9631474103585658
000252 0.9844599844599845
000253 1.0
000254 0.9655004859086491
000255 0.9552722868813761
000256 0.9082397003745318
000257 0.9861111111111112
000258 0.9485714285714286
000259 0.9395860748893409
000260 0.9460266879107747
000261 0.9747009217493626
000262 0.9944553441951719
000263 0.9954887218045113
000264 0.9969350377513643
000265 0.9539518900343643
000266 0.9971083070452156
000267 0.9931354947724153
000268 0.9996415770609319
000269 0.9238437001594896
000270 0.9280622164614387
000271 0.9950132003520094
000272 1.0
000273 0.9712252238463305
000274 0.9626030670865843
000275 0.9166666666666666
000276 0.9275434243176178
000277 0.9866255144032922
000278 0.9959605026929982
000279 0.9464668094218416
000280 0.9481582537517054
000281 0.9348295209322399
000282 1.0
000284 0.9841269841269841
000285 0.9648014440433214
000286 1.0
000288 0.9978300180831826
000289 0.9390681003584229
000290 0.9751410581404857
000291 0.9794437726723095
000292 0.9524793388429752
000293 0.9468829043297129
000294 0.97246715853878
000295 0.9710610932475884
000296 0.9501932159725204
000297 0.9970501474926253
000298 0.9585825027685493
000299 0.941871921182266
000300 0.928921568627451
000301 1.0
000302 0.9899193548387096
