000001 0.9382123575284943
000002 0.9467027215631543
000003 0.9519193485847227
000004 0.944006309148265
000005 0.9866055692633063
000006 0.9934469200524246
000007 0.9917355371900827
000008 0.955065009287041
000009 0.9825581395348837
000010 0.9594771241830066
000011 0.994008388256441
000012 0.939290917921321
000013 0.9501100513573001
000014 1.0
000015 0.9238851272472566
000016 0.9833333333333333
000017 0.990170380078637
000018 0.9877979568671964
000019 0.971406930505586
000020 0.978891820580475
000021 0.942019099590723
000022 0.9350554277347836
000023 0.992677148395434
000024 0.9802395209580839
000025 0.9500567536889898
000026 0.9332751091703057
000027 0.984375
000028 0.9979666531110207
000029 0.9550189393939394
000030 0.9600674915635545
000031 0.9952997967479674
000032 0.8704697986577181
000033 0.9054290718038529
000034 0.956389143031412
000035 0.9781181619256017
000036 0.9698924731182795
000037 0.9581818181818181
000038 0.9377568995889607
000039 0.9615839243498818
000040 0.9182820220448499
000041 0.9805369127516779
000042 0.9948979591836735
000043 1.0
000044 0.9611650485436893
000045 0.9883720930232558
000046 0.9657142857142857
000047 0.9716796875
000048 0.9946808510638298
000049 1.0
000050 0.9815426462016709
000051 0.9265734265734266
000052 0.96134817563389
000053 0.9906354515050168
000054 0.9523279126754288
000055 0.8141067897165458
000056 0.9657690552259243
000057 0.9924812030075187
000058 0.9953970080552359
000059 0.9969356486210419
000060 0.9878320479862897
000062 0.9970308788598575
000063 0.9950647748303516
000064 0.9320666786162395
000065 0.9719350073855244
000066 1.0
000067 0.8974688423487087
000068 0.991048020973208
000069 0.8859129539016225
000070 0.8910373066424022
000071 0.9963963963963964
000072 0.9397639397639398
000073 0.9676258992805755
000074 0.9432696680309232
000075 0.8955447397978286
000076 0.9710504549214226
000077 1.0
000078 0.9884678747940692
000079 0.9429477020602218
000080 0.9950980392156863
000081 0.975
000082 0.9671658986175116
000083 0.9689703808180536
000084 0.9647297640192845
000085 0.932085932085932
000086 0.9626467449306296
000087 0.9472624798711755
000088 1.0
000089 0.9792048442355191
000090 0.9220272904483431
000091 0.9791883454734651
000092 0.9710906701708278
000093 0.8825011812883918
000094 0.9812091503267973
000095 0.9822753960341198
000096 0.9883478984602581
000097 0.9847195087915155
000098 0.9642857142857143
000099 0.8180135718692165
000100 0.9229340761374187
000101 1.0
000102 0.9780645161290322
000103 0.9298796441653584
000104 0.9980739599383667
000105 0.914785553047404
000106 0.9946996466431095
000107 0.9704455227172475
000108 0.9782857142857143
000109 0.9765193370165746
000110 0.9764065335753176
000111 0.9936858721389108
000112 0.9512931034482759
000113 0.9316120027913468
000114 0.9847133757961783
000115 1.0
000116 0.9834330418775886
000117 0.9744816586921851
000118 0.9869565217391304
000119 0.9566315789473684
000120 0.9546023235031278
000121 0.9778318464449851
000122 0.9217081850533808
000123 0.9762282091917591
000124 0.9870901110250452
000125 0.9365265941816044
000126 0.99375
000127 0.9888392857142857
000128 0.898815931108719
000129 0.9266450916936354
000130 0.9444444444444444
000131 0.960878243512974
000132 0.9431786216596343
000133 0.9781144781144782
000134 0.957391097357772
000135 0.9788316710767352
000136 0.9971550497866287
000137 0.9213326577147201
000138 0.92003367003367
000139 0.9932381667918858
000140 1.0
000141 0.8303611569009441
000142 0.9598414339882799
000143 1.0
000144 0.8772609819121447
000145 0.986159169550173
000146 1.0
000147 0.934272955623779
000148 0.9563145353455124
000149 0.946869514335869
000150 0.9958677685950413
000151 0.9696345856922285
000152 0.9887583035258048
000153 0.9599528857479388
000154 0.9776566757493188
000155 0.8779001640496836
000156 0.9604234938240483
000157 1.0
000158 1.0
000159 0.9757085020242915
000160 0.8785744322960471
000161 0.971342383107089
000162 0.9904411764705883
000163 0.9838187702265372
000164 1.0
000165 0.9702589807852966
000166 0.9777777777777777
000167 0.9818763326226013
000168 0.9863013698630136
000169 0.9127710843373494
000170 0.9293889769325585
000171 1.0
000172 0.9979959919839679
000173 0.992619926199262
000174 0.9812787001059696
000175 0.9800796812749004
000176 0.9590163934426229
000177 0.9911894273127754
000178 0.9740863787375416
000179 0.9966019417475728
000180 0.9397624976058226
000181 0.9022960429897411
000182 0.9633565408574569
000183 1.0
000184 0.9856459330143541
000185 0.9609053497942387
000186 0.9007633587786259
000187 0.9557877813504824
000188 0.9704262696308382
000189 0.9725657746795593
000190 0.9393708293612965
000191 0.9692307692307692
000192 1.0
000193 0.9791666666666666
000194 0.9580973952434881
000195 0.9153881915388191
000196 0.9391212281630492
000197 0.9982425307557118
000198 1.0
000199 0.9337115771330078
000200 1.0
000201 0.9885057471264368
000202 0.9885883347421809
000203 0.8918187964841109
000204 1.0
000205 0.945064761054042
000206 0.9751594048884166
000207 0.9541984732824428
000208 0.9697900665642601
000209 0.920682302771855
000210 0.9905314599877826
000211 0.9964328180737217
000212 0.975
000213 0.9609375
000214 1.0
000215 0.9089439655172413
000216 0.9715370018975332
000217 0.886283185840708
000218 0.9909255898366606
000219 0.9624239216724001
000220 0.9792843691148776
000221 0.9608610567514677
000222 0.9715076522305438
000223 0.9680492161143084
000224 0.9951298701298701
000225 0.956268221574344
000226 0.9818297736691106
000227 0.954573357888275
000228 0.9901345291479821
000229 0.9618012422360248
000230 0.9661781285231116
000231 1.0
000232 0.9546925566343042
000233 0.976769431176726
000234 0.9832651543324656
000235 0.9660851531047945
000236 0.9649122807017544
000237 0.9702970297029703
000238 0.9627228525121556
000239 0.9487422876127195
000241 0.9982052049057732
000242 0.9862794420306426
000243 0.9967532467532467
000244 0.9604989604989606
000245 0.9828326180257511
000246 0.9767441860465116
000247 1.0
000248 1.0
000249 0.9761671029668412
000250 0.9398599009055185
000251 0.9609142100033123
000252 0.981409759876065
000253 1.0
000254 0.9552884615384616
000255 0.9340853438240135
000256 0.9340394800192585
000257 0.9793103448275862
000258 0.9296
000259 0.9173090399439383
000260 0.9515224358974359
000261 0.9557692307692308
000262 0.990316004077472
000263 0.9910179640718563
000264 0.9946300715990454
000265 0.9679218967921897
000266 0.99501573976915
000267 0.9882303488860866
000268 0.9992834109638122
000269 0.927170868347339
000270 0.9286640726329443
000271 0.9900758902510216
000272 1.0
000273 0.9625331816458096
000274 0.9344312665150863
000275 0.9421841541755889
000276 0.915279138099902
000277 0.9775739041794088
000278 0.992841163310962
000279 0.9505376344086022
000280 0.9340613187736245
000281 0.9480595272833382
000282 1.0
000284 0.9829268292682927
000285 0.9474150664697194
000286 1.0
000288 0.9971087820744489
000289 0.9243951612903226
000290 0.9637142395345079
000291 0.9806295399515739
000292 0.944672131147541
000293 0.9437469105289175
000294 0.9663805436337625
000295 0.9689839572192513
000296 0.954702329594478
000297 0.9941176470588236
000298 0.9361211247296323
000299 0.952191235059761
000300 0.9157749395926821
000301 1.0
000302 0.9869346733668342
