000001 0.887627695800227
000002 0.9724039064599946
000003 0.9849548645937813
000004 0.9261121856866538
000005 0.9929052855622561
000006 0.9991212653778558
000007 1.0
000008 0.9840276755483586
000009 0.9926578560939795
000010 0.9557291666666666
000011 0.9981949458483754
000012 0.9832231825114387
000013 0.9515062454077884
000014 1.0
000015 0.9710429447852761
000016 0.9913774043776254
000017 0.9908196721311475
000018 0.997993119266055
000019 0.9773290150504859
000020 0.9849557522123894
000021 0.8792444821731749
000022 0.9653422586914273
000023 0.9969177526631698
000024 0.9787742899850523
000025 0.9485494106980961
000026 0.8844562158583016
000027 0.9921259842519685
000028 1.0
000029 0.9667678542898227
000030 0.9128342245989305
000031 0.9993622448979592
000032 0.8438516590761224
000033 0.8951089308902034
000034 0.9599020508111418
000035 0.9696312364425163
000036 0.9474789915966386
000037 0.952122854561879
000038 0.9032805429864253
000039 0.9914686166971359
000040 0.90895410082769
000041 0.9858299595141701
000042 1.0
000043 1.0
000044 0.9364864864864865
000045 1.0
000046 0.9629629629629629
000047 0.9764474975466143
000048 1.0
000049 1.0
000050 0.9972364784840111
000051 0.9239888423988842
000052 0.9336336336336336
000053 0.995965030262273
000054 0.9777574475384527
000055 0.7738095238095238
000056 0.9883232134516581
000057 1.0
000058 0.9988452655889145
000059 0.9989764585465711
000060 0.9970593322954506
000062 1.0
000063 0.9993804213135068
000064 0.945110868774991
000065 0.9605839416058394
000066 1.0
000067 0.903271692745377
000068 0.9972974712051992
000069 0.8604302151075538
000070 0.949115580324691
000071 1.0
000072 0.9374746244417377
000073 0.9853479853479854
000074 0.9134647143014423
000075 0.9148976859820234
000076 0.983249581239531
000077 1.0
000078 0.9975062344139651
000079 0.9008327024981075
000080 0.9620853080568721
000081 0.9629629629629629
000082 0.9348552338530067
000083 0.9703389830508474
000084 0.9981622473090049
000085 0.872809863724854
000086 0.9347150259067357
000087 0.9070932922127988
000088 1.0
000089 0.9982131254061078
000090 0.8545618789521229
000091 0.9592252803261978
000092 0.9762219286657859
000093 0.8467583497053045
000094 0.9876644736842105
000095 0.9968521641371557
000096 1.0
000097 0.9982317159428491
000098 1.0
000099 0.9014276002719238
000100 0.9052823315118397
000101 1.0
000102 0.9831387808041504
000103 0.8979282465891865
000104 0.9992286926340147
000105 0.9132394366197183
000106 0.99822695035461
000107 0.9401709401709402
000108 0.9749430523917996
000109 0.9976481655691439
000110 0.9711191335740073
000111 1.0
000112 0.9333897229858321
000113 0.94950213371266
000114 0.9897567221510883
000115 1.0
000116 0.9838858195211786
000117 0.9629629629629629
000118 0.9912663755458515
000119 0.9861111111111112
000120 0.9874283601405066
000121 0.9866339334424441
000122 0.8998262883613202
000123 0.9777777777777777
000124 0.9942782834850455
000125 0.8587981676098086
000126 0.9984301412872841
000127 0.9988726042841037
000128 0.9308807134894092
000129 0.9236559139784947
000130 0.9348475791990436
000131 0.9885010266940452
000132 0.9528275078147201
000133 0.9948630136986302
000134 0.9290829290829291
000135 0.9858548585485855
000136 1.0
000137 0.9044894913567965
000138 0.7686357243319268
000139 0.999244142101285
000140 1.0
000141 0.866051891216005
000142 0.978047067088163
000143 1.0
000144 0.8818181818181818
000145 0.979381443298969
000146 1.0
000147 0.8626465661641541
000148 0.9836601307189542
000149 0.9043254722253269
000150 1.0
000151 0.9746508018623901
000152 0.9994834710743802
000153 0.978391356542617
000154 0.9889746416758545
000155 0.9743970866931738
000156 0.9174091018540814
000157 0.9821428571428571
000158 1.0
000159 0.9761036857027137
000160 0.913433162094218
000161 0.9835815196639939
000162 0.9964491788726143
000163 0.9854132901134521
000164 1.0
000165 0.9901108269394714
000166 0.9691629955947136
000167 0.9777070063694268
000168 0.9840546697038725
000169 0.89720511605874
000170 0.9638422205989774
000171 1.0
000172 1.0
000173 1.0
000174 0.9884362213129336
000175 0.9959514170040485
000176 1.0
000177 0.9977827050997783
000178 0.9516390782213567
000179 0.9995131450827653
000180 0.9841540467355331
000181 0.9413863404689092
000182 0.938258386866524
000183 1.0
000184 0.9903846153846154
000185 0.9165848871442591
000186 0.959349593495935
000187 0.9690301548492257
000188 0.9822460776218002
000189 0.9956261510128913
000190 0.9377617053673392
000191 0.971566265060241
000192 1.0
000193 0.9724137931034482
000194 0.9635535307517085
000195 0.893781207444394
000196 0.8986828774062816
000197 1.0
000198 1.0
000199 0.9307037010523301
000200 1.0
000201 0.9885057471264368
000202 0.9987190435525192
000203 0.956798581445958
000204 1.0
000205 0.9373892498523332
000206 0.9933694181326116
000207 0.9433962264150944
000208 0.9864583333333333
000209 0.9210750853242321
000210 0.9938706711615078
000211 0.9976190476190476
000212 0.9212598425196851
000213 0.9609375
000214 1.0
000215 0.8804801670146137
000216 0.9570093457943926
000217 0.8804395604395604
000218 0.9741302408563782
000219 0.9696081045054652
000220 0.9829867674858223
000221 0.9879275653923542
000222 0.9822222222222222
000223 0.9826752618855762
000224 0.998371335504886
000225 0.9398280802292264
000226 0.9929078014184397
000227 0.9743107769423559
000228 0.9981916817359855
000229 0.963596764156814
000230 0.983926521239954
000231 1.0
000232 0.9577922077922078
000233 0.9894435891796789
000234 0.9947328818660647
000235 0.9947242808692376
000236 0.908256880733945
000237 0.9845440494590417
000238 0.9821428571428571
000239 0.9389384687646782
000241 0.9997004194128221
000242 0.9960739030023095
000243 0.9903225806451613
000244 0.9565217391304348
000245 0.9856527977044476
000246 0.9832775919732442
000247 1.0
000248 1.0
000249 0.9945546479968884
000250 0.9522243378916393
000251 0.9653910149750417
000252 0.9875292283710054
000253 1.0
000254 0.9759332023575639
000255 0.977442661513904
000256 0.8838268792710706
000257 0.993006993006993
000258 0.9683333333333334
000259 0.962972045120157
000260 0.9405940594059405
000261 0.9943977591036415
000262 0.9986294329278739
000263 1.0
000264 0.9992507118237675
000265 0.940379403794038
000266 0.9992096944151738
000267 0.998089577584377
000268 1.0
000269 0.9205403257846643
000270 0.927461139896373
000271 1.0
000272 1.0
000273 0.9800756815198085
000274 0.9925263535785386
000275 0.8924949290060852
000276 0.9401408450704225
000277 0.995846313603323
000278 0.9990995047276002
000279 0.9424307036247335
000280 0.9626872132282919
000281 0.9219636776390465
000282 1.0
000284 0.9853300733496333
000285 0.9828378792522219
000286 1.0
000288 0.9985522982265653
000289 0.9542143600416233
000290 0.9868421052631579
000291 0.9782608695652174
000292 0.9604166666666667
000293 0.9500398089171974
000294 0.9786309308221659
000295 0.9731471535982814
000296 0.9457264957264957
000297 1.0
000298 0.9821482602118004
000299 0.9317738791423001
000300 0.9424511545293073
000301 1.0
000302 0.9929221435793731
