000001 0.2947019867549669
000002 0.37037037037037035
000003 0.689051094890511
000004 0.412483039348711
000005 0.5497275204359673
000006 0.47413793103448276
000007 0.515625
000008 0.8567032378913567
000009 0.13680781758957655
000010 0.27586206896551724
000011 0.39732142857142855
000012 0.3103247584681644
000013 0.45103092783505155
000014 0.8305084745762712
000015 0.20910319963947724
000016 0.5015588464536244
000017 0.3261363636363636
000018 0.5953593661573288
000019 0.262364886996397
000020 0.6393805309734514
000021 0.4549050632911392
000022 0.4714793342060969
000023 0.9040629653265263
000024 0.1597396094141212
000025 0.274373795761079
000026 0.4634760705289673
000027 0.36363636363636365
000028 0.45625
000029 0.5271574303832368
000030 0.3405511811023622
000031 0.17886178861788618
000032 0.4384017758046615
000033 0.46477967192023156
000034 0.647117296222664
000035 0.302771855010661
000036 0.18518518518518517
000037 0.6788553259141494
000038 0.572234762979684
000039 0.6862860506180106
000040 0.42913128674069234
000041 0.2222222222222222
000042 0.41721854304635764
000043 0.17709720372836218
000044 0.59526938239159
000045 0.38636363636363635
000046 0.19205298013245034
000047 0.48047538200339557
000048 0.3263157894736842
000049 0.19444444444444445
000050 0.8418100224382947
000051 0.3478835978835979
000052 0.34787410270568747
000053 0.2975391498881432
000054 0.5692702980472765
000055 0.4965277777777778
000056 0.3560421735604217
000057 0.6567164179104478
000058 0.4079822616407982
000059 0.12624254473161034
000060 0.5403726708074534
000062 0.3594847775175644
000063 0.3212121212121212
000064 0.292817679558011
000065 0.30294906166219837
000066 0.19230769230769232
000067 0.5745899505337152
000068 0.418227215980025
000069 0.4741166803615448
000070 0.38093202223172296
000071 0.28975265017667845
000072 0.4634146341463415
000073 0.3
000074 0.38941548183254343
000075 0.2978527607361963
000076 0.20356612184249628
000077 0.10526315789473684
000078 0.299347471451876
000079 0.14414414414414414
000080 0.6144578313253012
000081 0.2391304347826087
000082 0.4116997792494481
000083 0.3867334167709637
000084 0.5431726907630522
000085 0.43983957219251335
000086 0.43832335329341315
000087 0.47699386503067487
000088 0.16666666666666666
000089 0.6219186685507929
000090 0.3786407766990291
000091 0.20084566596194503
000092 0.34177215189873417
000093 0.5376537653765376
000094 0.47692307692307695
000095 0.2860196665241556
000096 0.21406003159557663
000097 0.4099220220489379
000098 0.5625
000099 0.2109004739336493
000100 0.45648604269293924
000101 0.8148148148148148
000102 0.259825327510917
000103 0.6181318681318682
000104 0.36128048780487804
000105 0.4455252918287938
000106 0.9090909090909091
000107 0.24271844660194175
000108 0.32432432432432434
000109 0.6125
000110 0.3308550185873606
000111 0.23565891472868217
000112 0.44346431435445066
000113 0.441193680514921
000114 0.26558891454965355
000115 0.2033898305084746
000116 0.26508785332314744
000117 0.4490861618798956
000118 0.4246575342465753
000119 0.43068535825545173
000120 0.4798728813559322
000121 0.7216196673897325
000122 0.38842105263157894
000123 0.36909871244635195
000124 0.7554112554112554
000125 0.6492949110974862
000126 0.775
000127 0.33259668508287293
000128 0.3287671232876712
000129 0.40172642762284194
000130 0.14747859181731685
000131 0.1925545571245186
000132 0.4732142857142857
000133 0.35703125
000134 0.5623827392120075
000135 0.17517985611510792
000136 0.36797752808988765
000137 0.4566965311279577
000138 0.3156297420333839
000139 0.3372262773722628
000140 0.10810810810810811
000141 0.5447761194029851
000142 0.41068605754030985
000143 0.14705882352941177
000144 0.450199203187251
000145 0.3359375
000146 0.2692307692307692
000147 0.42206132879046
000148 0.15201192250372578
000149 0.3894312393887946
000150 0.27419354838709675
000151 0.3629764065335753
000152 0.3484555984555985
000153 0.39669421487603307
000154 0.3529121421520237
000155 0.37939580681894297
000156 0.590956340956341
000157 0.09375
000158 0.16228070175438597
000159 0.32910388580491673
000160 0.533235671122505
000161 0.27140974967061926
000162 0.16045627376425856
000163 0.23512747875354106
000164 0.12631578947368421
000165 0.8665634674922601
000166 0.5517241379310345
000167 0.3338842975206612
000168 0.30103806228373703
000169 0.33978132884777124
000170 0.2119140625
000171 0.2727272727272727
000172 0.2606965174129353
000173 0.4857142857142857
000174 0.268944099378882
000175 0.3380281690140845
000176 0.49557522123893805
000177 0.5942622950819673
000178 0.3406789755807028
000179 0.3285302593659942
000180 0.4405150525933986
000181 0.14249146757679182
000182 0.4315352697095436
000183 0.13636363636363635
000184 0.48623853211009177
000185 0.29723991507430997
000186 0.2684563758389262
000187 0.17486338797814208
000188 0.3071718538565629
000189 0.7704918032786885
000190 0.346202266051196
000191 0.22138836772983114
000192 0.24
000193 0.32608695652173914
000194 0.4298642533936652
000195 0.6289308176100629
000196 0.586570111915734
000197 0.41
000198 0.2236842105263158
000199 0.20494111623143882
000200 0.09523809523809523
000201 0.4482758620689655
000202 0.7708161582852432
000203 0.6926972281449894
000204 0.23076923076923078
000205 0.8045720657931419
000206 0.4178498985801217
000207 0.7786259541984732
000208 0.4805194805194805
000209 0.547945205479452
000210 0.19761075161772026
000211 0.22698072805139186
000212 0.40350877192982454
000213 0.4231974921630094
000214 0.15023474178403756
000215 0.5229508196721312
000216 0.6952789699570815
000217 0.6284615384615385
000218 0.19152542372881357
000219 0.30796460176991153
000220 0.7774725274725275
000221 0.41155234657039713
000222 0.451751866743251
000223 0.35599038791623755
000224 0.33892885691446845
000225 0.5565749235474006
000226 0.40218642117376296
000227 0.2737186477644493
000228 0.5591397849462365
000229 0.5294117647058824
000230 0.4678492239467849
000231 0.3333333333333333
000232 0.24705882352941178
000233 0.5192444255077404
000234 0.379136690647482
000235 0.3824295524508643
000236 0.3380952380952381
000237 0.42049142327306444
000238 0.34180958013010054
000239 0.48111510791366907
000241 0.8410165484633569
000242 0.6863971409425955
000243 0.2872340425531915
000244 0.23018867924528302
000245 0.3181818181818182
000246 0.23351648351648352
000247 0.25
000248 0.0
000249 0.6021844150388573
000250 0.4454003970880212
000251 0.3963806187974314
000252 0.47218453188602444
000253 0.4117647058823529
000254 0.41796200345423146
000255 0.76116879980681
000256 0.390549662487946
000257 0.189873417721519
000258 0.4270833333333333
000259 0.7705724508050089
000260 0.7317529631940112
000261 0.3416058394160584
000262 0.11419959812458139
000263 0.18518518518518517
000264 0.36055836055836055
000265 0.503125
000266 0.45151359671626473
000267 0.3614754098360656
000268 0.2638986629134412
000269 0.26625172890733056
000270 0.41870824053452116
000271 0.2798258345428157
000272 0.0
000273 0.6047292570309221
000274 0.7987154629180805
000275 0.567398119122257
000276 0.5932692307692308
000277 0.49766511007338227
000278 0.31896551724137934
000279 0.2902408111533587
000280 0.9092384887839433
000281 0.3599374021909233
000282 0.5
000284 0.32154882154882153
000285 0.5415800415800416
000286 0.2857142857142857
000288 0.8940677966101694
000289 0.6694214876033058
000290 0.7652582159624414
000291 0.4976958525345622
000292 0.2677165354330709
000293 0.3598791924972182
000294 0.34156002437538086
000295 0.4377880184331797
000296 0.31080088170462894
000297 0.26
000298 0.4222202502440323
000299 0.39316239316239315
000300 0.3873034362259755
000301 0.09090909090909091
000302 0.4114285714285714
