000001 0.49128205128205127
000002 0.539156994502138
000003 0.8829861111111111
000004 0.5648611743286299
000005 0.9823728813559321
000006 0.9734019734019734
000007 0.9641025641025641
000008 0.9389110225763613
000009 0.5841584158415841
000010 0.6800804828973843
000011 0.9713340683572216
000012 0.8075657894736842
000013 0.649090909090909
000014 0.9661016949152542
000015 0.8149337615415496
000016 0.9427063701470034
000017 0.806941431670282
000018 0.9725490196078431
000019 0.9672867222578576
000020 0.6255144032921811
000021 0.5206389776357827
000022 0.8925186188219364
000023 0.9878139239164989
000024 0.8799435028248588
000025 0.6456774193548387
000026 0.6076831548529662
000027 0.7362637362637363
000028 0.9729311678267595
000029 0.8541514487460433
000030 0.5990049751243781
000031 0.987515299877601
000032 0.6025485436893204
000033 0.43333825483537575
000034 0.7874755381604697
000035 0.5864661654135338
000036 0.5612903225806452
000037 0.7630573248407644
000038 0.6528409090909091
000039 0.9381327334083239
000040 0.6519337016574586
000041 0.8603351955307262
000042 0.9933993399339934
000043 0.9933510638297872
000044 0.6519216823785352
000045 0.9318181818181818
000046 0.5082872928176796
000047 0.7851851851851852
000048 0.9789473684210527
000049 1.0
000050 0.968530174009626
000051 0.6373098478783027
000052 0.5595536959553696
000053 0.8638589618021547
000054 0.8978747413955238
000055 0.5862870424171993
000056 0.9176737160120846
000057 0.9925373134328358
000058 0.9122807017543859
000059 0.9920792079207921
000060 0.8994944989592626
000062 0.9871194379391101
000063 0.9782345828295043
000064 0.7359118852459017
000065 0.5771905424200278
000066 0.9615384615384616
000067 0.6006559425269405
000068 0.9406842234801871
000069 0.6224516129032258
000070 0.6950501903772932
000071 0.9719298245614035
000072 0.6895360315893386
000073 0.6296296296296297
000074 0.5841836734693877
000075 0.7979672781358453
000076 0.7505592841163311
000077 1.0
000078 0.9664
000079 0.5582377791188896
000080 0.7388888888888889
000081 0.44274809160305345
000082 0.5786481364497789
000083 0.6219325153374233
000084 0.9456630109670987
000085 0.6218876664736538
000086 0.6303275011215792
000087 0.654538490999617
000088 0.9444444444444444
000089 0.9566433566433566
000090 0.42963514519731943
000091 0.44521739130434784
000092 0.6610455311973018
000093 0.6845446950710109
000094 0.7075773745997865
000095 0.9590643274853801
000096 0.9827315541601256
000097 0.9654989384288747
000098 0.52
000099 0.7292870905587668
000100 0.6375779162956366
000101 0.9629629629629629
000102 0.4735413839891452
000103 0.32672512390392683
000104 0.9802731411229135
000105 0.638984214138641
000106 0.9795221843003413
000107 0.6260794473229706
000108 0.598605577689243
000109 0.9538598047914818
000110 0.7094594594594594
000111 0.9798449612403101
000112 0.5629370629370629
000113 0.8451059535822402
000114 0.722735674676525
000115 0.6210526315789474
000116 0.7278145695364239
000117 0.7264523406655387
000118 0.9
000119 0.755
000120 0.8471337579617835
000121 0.954014939309057
000122 0.6522029372496663
000123 0.662777129521587
000124 0.8743276283618582
000125 0.7735849056603774
000126 0.9347181008902077
000127 0.9791208791208791
000128 0.5666666666666667
000129 0.5681481481481482
000130 0.9190647482014388
000131 0.7787961357443647
000132 0.7086531751570132
000133 0.9536121673003802
000134 0.668729883634563
000135 0.813270698766882
000136 0.9831460674157303
000137 0.7285520515428959
000138 0.6805183199285076
000139 0.9461426491994177
000140 0.972972972972973
000141 0.7861749294639259
000142 0.8464900300464354
000143 0.9705882352941176
000144 0.7339743589743589
000145 0.5028735632183908
000146 0.9285714285714286
000147 0.6224071702944942
000148 0.7528735632183908
000149 0.5486772486772487
000150 1.0
000151 0.6485507246376812
000152 0.9565217391304348
000153 0.7960526315789473
000154 0.9538239538239538
000155 0.7473320584788107
000156 0.7566120395911082
000157 0.8235294117647058
000158 0.9956140350877193
000159 0.5358682869462956
000160 0.7898908329594736
000161 0.767379679144385
000162 0.7313679245283019
000163 0.6881720430107527
000164 1.0
000165 0.9646125686394142
000166 0.672514619883041
000167 0.5757946210268948
000168 0.6405867970660146
000169 0.7103080568720379
000170 0.8539035591274398
000171 0.5428571428571428
000172 0.9801390268123138
000173 0.9785714285714285
000174 0.8613456823753746
000175 0.9315068493150684
000176 0.8682170542635659
000177 0.8464566929133859
000178 0.5692451653150343
000179 0.9694656488549618
000180 0.9447060875632304
000181 0.8527696793002916
000182 0.38669111867959133
000183 0.9130434782608695
000184 0.981651376146789
000185 0.6494464944649446
000186 0.5714285714285714
000187 0.7282741738066095
000188 0.76328125
000189 0.7670321064996085
000190 0.6386348427392371
000191 0.5581778265642151
000192 0.5588235294117647
000193 0.5586206896551724
000194 0.49052396878483834
000195 0.7108108108108108
000196 0.8864037669217186
000197 0.9733333333333334
000198 0.8414634146341463
000199 0.5723396366332962
000200 1.0
000201 0.6096256684491979
000202 0.9623567921440261
000203 0.8396749168821573
000204 0.6153846153846154
000205 0.8084815321477428
000206 0.9554615576013934
000207 0.7969348659003831
000208 0.8360655737704918
000209 0.6706996317727512
000210 0.7618667730355005
000211 0.47285886610373945
000212 0.5149253731343284
000213 0.6581196581196581
000214 1.0
000215 0.493422626165989
000216 0.7936802973977695
000217 0.6690179055887141
000218 0.5391140433553252
000219 0.8305017779533781
000220 0.5776
000221 0.7320261437908496
000222 0.9569983136593592
000223 0.8649700598802396
000224 0.982484076433121
000225 0.6639175257731958
000226 0.9416990560799556
000227 0.5899159663865546
000228 0.9574468085106383
000229 0.6838006230529595
000230 0.6960950764006791
000231 1.0
000232 0.8042328042328042
000233 0.8528228423101882
000234 0.9540960451977402
000235 0.9410279944928867
000236 0.6804878048780488
000237 0.7733721353219353
000238 0.5402969247083775
000239 0.5435294117647059
000241 0.981764705882353
000242 0.9567805953693495
000243 0.6743119266055045
000244 0.5527426160337553
000245 0.6062846580406654
000246 0.6652173913043479
000247 0.4166666666666667
000248 1.0
000249 0.9480545936035852
000250 0.6778834996518914
000251 0.8307919331037875
000252 0.7160633484162896
000253 0.5583333333333333
000254 0.895680521597392
000255 0.8886118647796436
000256 0.6145229818462727
000257 0.7659574468085106
000258 0.5885714285714285
000259 0.7228621291448517
000260 0.6772976680384087
000261 0.9774709302325582
000262 0.8755393295718553
000263 0.9353233830845771
000264 0.9929182649749189
000265 0.6930817610062893
000266 0.975
000267 0.9508131693772313
000268 0.9333800841514727
000269 0.6635601118359739
000270 0.6911357340720221
000271 0.9863847045191193
000272 0.42857142857142855
000273 0.9359313077939234
000274 0.932663258191959
000275 0.8230088495575221
000276 0.6489434219495569
000277 0.9801324503311258
000278 0.9639484978540772
000279 0.5972328977709455
000280 0.8428697739042567
000281 0.5748878923766816
000282 0.6875
000284 0.7582191780821917
000285 0.8933083762283575
000286 0.4166666666666667
000288 0.9964714184897672
000289 0.741514360313316
000290 0.940125610607118
000291 0.653125
000292 0.7242424242424242
000293 0.8092830286529237
000294 0.8593125499600319
000295 0.608
000296 0.7445533769063181
000297 0.7663551401869159
000298 0.9222823823406914
000299 0.5638095238095238
000300 0.8787559304164471
000301 1.0
000302 0.9553903345724907
