000001 0.5577726218097447
000002 0.6965046203294496
000003 0.9381804761026019
000004 0.644542772861357
000005 0.9928254185172531
000006 0.9864923747276688
000007 0.9790575916230366
000008 0.9683862524967284
000009 0.6897810218978102
000010 0.7972789115646258
000011 0.9837443946188341
000012 0.8905506458191706
000013 0.755865567533291
000014 0.9827586206896551
000015 0.8994638069705094
000016 0.9698502236918888
000017 0.8945147679324894
000018 0.9860755896561523
000019 0.9853515625
000020 0.7620783956244302
000021 0.5094886663152346
000022 0.9441906297590253
000023 0.9937994440880906
000024 0.9370238699847638
000025 0.7675856307435255
000026 0.7620774234829903
000027 0.8496732026143791
000028 0.9846758349705305
000029 0.9203703703703704
000030 0.5986193293885601
000031 0.9937184382313092
000032 0.650415512465374
000033 0.5685422550510537
000034 0.8812209688122097
000035 0.6234067207415991
000036 0.5785123966942148
000037 0.8522815158546017
000038 0.652027027027027
000039 0.9677985948477752
000040 0.7478604344963792
000041 0.9215922798552473
000042 0.9966777408637874
000043 0.9966644429619747
000044 0.7026364193746168
000045 0.9647058823529412
000046 0.453416149068323
000047 0.856909239574816
000048 0.9893617021276596
000049 1.0
000050 0.9836127330947447
000051 0.6990801576872536
000052 0.5672050369559266
000053 0.9284210526315789
000054 0.9441542788268381
000055 0.6292966684294025
000056 0.9524564183835182
000057 0.9962546816479401
000058 0.952819332566168
000059 0.9970178926441352
000060 0.9485768202547571
000062 0.9935179728933412
000063 0.988997555012225
000064 0.8482962962962963
000065 0.5672937771345875
000066 0.9803921568627451
000067 0.7406435993140321
000068 0.9698745302846953
000069 0.7440446021287379
000070 0.802939211756847
000071 0.9857651245551602
000072 0.7966321243523317
000073 0.7116564417177914
000074 0.7406536907822255
000075 0.8833588210760461
000076 0.8609865470852018
000077 1.0
000078 0.9820846905537459
000079 0.38506224066390043
000080 0.8533333333333334
000081 0.45714285714285713
000082 0.6239554317548747
000083 0.6806009144350098
000084 0.9709735422553301
000085 0.5843520782396088
000086 0.539595849262698
000087 0.6494522691705791
000088 0.9714285714285714
000089 0.9780708723979025
000090 0.5701096364685516
000091 0.5875486381322957
000092 0.7700534759358288
000093 0.7227883621326244
000094 0.792778649921507
000095 0.978114657841358
000096 0.9920886075949367
000097 0.9818034228505716
000098 0.6470588235294118
000099 0.8266502159161012
000100 0.6120218579234973
000101 0.9811320754716981
000102 0.5064599483204134
000103 0.43138521149499515
000104 0.9900306748466258
000105 0.7450218552695483
000106 0.9912739965095986
000107 0.2972828982418753
000108 0.709242916860195
000109 0.975920036347115
000110 0.7347670250896058
000111 0.9898198903680501
000112 0.6686117936117936
000113 0.913151364764268
000114 0.8331441543700341
000115 0.7898089171974523
000116 0.8355945730247406
000117 0.45227272727272727
000118 0.9438943894389439
000119 0.8542544229149115
000120 0.9205254515599344
000121 0.9744331886155331
000122 0.7426900584795322
000123 0.42661448140900193
000124 0.9357312880190426
000125 0.7432394758851408
000126 0.9661538461538461
000127 0.9894385769872152
000128 0.6890927624872579
000129 0.7009563194623933
000130 0.9513002364066194
000131 0.8738548273431994
000132 0.8007527640555163
000133 0.9786241741158181
000134 0.682513532595905
000135 0.8946341463414634
000136 0.9915014164305949
000137 0.8257146034923812
000138 0.4527439024390244
000139 0.9723261032161555
000140 0.9863013698630136
000141 0.8696484094714183
000142 0.9151785714285714
000143 0.9850746268656716
000144 0.8407163053722903
000145 0.49291784702549574
000146 0.9629629629629629
000147 0.7459930313588851
000148 0.8576158940397351
000149 0.644310977644311
000150 1.0
000151 0.7698222008649688
000152 0.9787644787644788
000153 0.871268656716418
000154 0.9761142575720266
000155 0.8500219266189154
000156 0.6402609506057781
000157 0.9206349206349206
000158 0.9978021978021978
000159 0.615681233933162
000160 0.8786696080095028
000161 0.8621430764507215
000162 0.8398448323635356
000163 0.8011527377521613
000164 0.9947089947089947
000165 0.9810146280734516
000166 0.8131868131868132
000167 0.660952380952381
000168 0.7649918962722853
000169 0.8318021201413428
000170 0.9180994060643951
000171 0.7037037037037037
000172 0.9899699097291875
000173 0.9891696750902527
000174 0.9281217976870151
000175 0.9681978798586572
000176 0.9294605809128631
000177 0.921443736730361
000178 0.6268237934904601
000179 0.9844660194174757
000180 0.9707812640474692
000181 0.9241650294695481
000182 0.48746457379550906
000183 0.9545454545454546
000184 0.9907407407407407
000185 0.4806201550387597
000186 0.697841726618705
000187 0.8241430700447094
000188 0.8664495114006515
000189 0.867012869722285
000190 0.6499015963262629
000191 0.6009852216748769
000192 0.75
000193 0.5882352941176471
000194 0.5507537688442211
000195 0.7807351077313055
000196 0.9380087664370695
000197 0.9864864864864865
000198 0.9261744966442953
000199 0.716910312129593
000200 1.0
000201 0.6363636363636364
000202 0.9807852965747702
000203 0.9119065407865244
000204 0.7619047619047619
000205 0.8661633493479753
000206 0.9778230945704818
000207 0.8014705882352942
000208 0.9082931110136024
000209 0.7776173285198555
000210 0.8665278741614619
000211 0.4810126582278481
000212 0.562962962962963
000213 0.7869742198100407
000214 1.0
000215 0.5830683624801272
000216 0.7614879649890591
000217 0.7707055214723927
000218 0.5711759504862953
000219 0.9028871391076115
000220 0.7297019527235354
000221 0.8330058939096268
000222 0.9794746662839099
000223 0.9202533701477993
000224 0.991562876657292
000225 0.7408585055643879
000226 0.969054441260745
000227 0.7045033929673041
000228 0.9782214156079855
000229 0.7546511627906977
000230 0.8062709966405375
000231 1.0
000232 0.8909090909090909
000233 0.9151286042546883
000234 0.9735411380935122
000235 0.9663935399596247
000236 0.427061310782241
000237 0.8770777754976401
000238 0.6644295302013423
000239 0.6839309428950863
000241 0.9913613345248734
000242 0.9778430929233551
000243 0.7977207977207977
000244 0.656
000245 0.6303236797274276
000246 0.7774566473988439
000247 0.34782608695652173
000248 1.0
000249 0.972089356110381
000250 0.7763955342902711
000251 0.9197119231795146
000252 0.8105340160936357
000253 0.6187050359712231
000254 0.9439655172413793
000255 0.9409925752246971
000256 0.5319645356976201
000257 0.8553459119496856
000258 0.5730994152046783
000259 0.8413821815154038
000260 0.7282485875706215
000261 0.9886071297317163
000262 0.9334041799504074
000263 0.9639175257731959
000264 0.996149289099526
000265 0.5925925925925926
000266 0.987603305785124
000267 0.9758080910754219
000268 0.9655422560754443
000269 0.8357554154099259
000270 0.760655737704918
000271 0.9931456905352195
000272 0.5
000273 0.9658724163977203
000274 0.9644709856436241
000275 0.9105960264900662
000276 0.761012183692596
000277 0.9895938234306815
000278 0.9816433566433567
000279 0.7454275827978251
000280 0.91698682766191
000281 0.7108070034212115
000282 0.7368421052631579
000284 0.8600080224628961
000285 0.9447211155378487
000286 0.5714285714285714
000288 0.998231340643792
000289 0.8057553956834532
000290 0.9686486486486486
000291 0.7522123893805309
000292 0.8314176245210728
000293 0.8909090909090909
000294 0.9273118279569893
000295 0.6487119437939111
000296 0.8382200758882373
000297 0.8540540540540541
000298 0.9569457141613339
000299 0.5436893203883495
000300 0.926052332195677
000301 1.0
000302 0.9771428571428571
