000001 0.3194871794871795
000002 0.21307269395235187
000003 0.6565972222222223
000004 0.43878015475648613
000005 0.5477966101694915
000006 0.47404547404547404
000007 0.517948717948718
000008 0.8557768924302789
000009 0.22277227722772278
000010 0.2937625754527163
000011 0.39305402425578834
000012 0.3069078947368421
000013 0.42818181818181816
000014 0.8305084745762712
000015 0.19751103974307507
000016 0.48699585375047116
000017 0.3156182212581345
000018 0.5899159663865546
000019 0.2572161642078255
000020 0.4609053497942387
000021 0.42095846645367413
000022 0.42924847664184157
000023 0.9033591183638868
000024 0.1657250470809793
000025 0.2278709677419355
000026 0.29644739078701343
000027 0.31043956043956045
000028 0.4532095901005414
000029 0.47163379595812027
000030 0.46865671641791046
000031 0.1777233782129743
000032 0.4963592233009709
000033 0.23903735420050198
000034 0.5205479452054794
000035 0.43107769423558895
000036 0.37849462365591396
000037 0.6063694267515923
000038 0.6096590909090909
000039 0.6642294713160855
000040 0.4244935543278085
000041 0.2201117318435754
000042 0.41914191419141916
000043 0.1768617021276596
000044 0.5663524292965917
000045 0.38636363636363635
000046 0.3867403314917127
000047 0.48271604938271606
000048 0.3263157894736842
000049 0.19444444444444445
000050 0.8345057386153276
000051 0.4307445956765412
000052 0.44379358437935845
000053 0.2624877571008815
000054 0.5325371450065827
000055 0.5020337013364323
000056 0.3330815709969788
000057 0.6567164179104478
000058 0.4057017543859649
000059 0.12673267326732673
000060 0.5224501932798097
000062 0.3594847775175644
000063 0.32043530834340994
000064 0.22131147540983606
000065 0.45897079276773295
000066 0.19230769230769232
000067 0.3690457598000937
000068 0.4170563622938715
000069 0.3375483870967742
000070 0.3797161647628937
000071 0.28771929824561404
000072 0.43435340572556763
000073 0.35802469135802467
000074 0.23515769944341372
000075 0.2449181953396133
000076 0.15883668903803133
000077 0.10526315789473684
000078 0.2936
000079 0.4695232347616174
000080 0.5944444444444444
000081 0.2595419847328244
000082 0.45609602021478207
000083 0.4593558282208589
000084 0.540877367896311
000085 0.5182397220613781
000086 0.5675190668461193
000087 0.5737265415549598
000088 0.16666666666666666
000089 0.6161616161616161
000090 0.22412509307520476
000091 0.14
000092 0.3069139966273187
000093 0.5786131996658312
000094 0.503735325506937
000095 0.2800751879699248
000096 0.21271585557299844
000097 0.4061836518046709
000098 0.44
000099 0.24855491329479767
000100 0.5752448797862867
000101 0.8148148148148148
000102 0.36906377204884666
000103 0.24552039649256577
000104 0.3603945371775417
000105 0.42141386410432397
000106 0.9010238907849829
000107 0.6004605641911341
000108 0.2825365205843294
000109 0.6086956521739131
000110 0.44144144144144143
000111 0.23565891472868217
000112 0.33833813245577954
000113 0.38647830474268413
000114 0.2587800369685767
000115 0.12631578947368421
000116 0.26225165562913905
000117 0.709531866892273
000118 0.3875
000119 0.4235714285714286
000120 0.41522596299666364
000121 0.7058823529411765
000122 0.3918558077436582
000123 0.6347724620770129
000124 0.6987775061124695
000125 0.7193694769524719
000126 0.7388724035608308
000127 0.33186813186813185
000128 0.3463768115942029
000129 0.2948148148148148
000130 0.1420863309352518
000131 0.19816695566014367
000132 0.46615491974877876
000133 0.3482889733840304
000134 0.6070809606338202
000135 0.14533176746917206
000136 0.36797752808988765
000137 0.4369277721261445
000138 0.6380697050938338
000139 0.33624454148471616
000140 0.10810810810810811
000141 0.48710197501007657
000142 0.35946462715105165
000143 0.14705882352941177
000144 0.3766025641025641
000145 0.3706896551724138
000146 0.25
000147 0.32791293213828426
000148 0.15660919540229884
000149 0.33354497354497353
000150 0.27419354838709675
000151 0.3572463768115942
000152 0.34120982986767484
000153 0.3207236842105263
000154 0.3439153439153439
000155 0.3805440750107951
000156 0.7160473795229596
000157 0.08823529411764706
000158 0.16228070175438597
000159 0.31634653077224617
000160 0.44728577837595335
000161 0.23048128342245988
000162 0.16391509433962265
000163 0.27741935483870966
000164 0.12631578947368421
000165 0.8553996339231239
000166 0.4269005847953216
000167 0.3924205378973105
000168 0.2762836185819071
000169 0.26007109004739337
000170 0.19402985074626866
000171 0.2571428571428571
000172 0.2601787487586892
000173 0.4857142857142857
000174 0.23780986107327703
000175 0.3287671232876712
000176 0.43410852713178294
000177 0.5708661417322834
000178 0.40455396132252025
000179 0.3282442748091603
000180 0.42525728240013955
000181 0.1239067055393586
000182 0.2302855645795127
000183 0.13043478260869565
000184 0.48623853211009177
000185 0.603690036900369
000186 0.3054187192118227
000187 0.19216646266829865
000188 0.23984375
000189 0.7349256068911512
000190 0.4927503903635958
000191 0.35290889132821074
000192 0.2647058823529412
000193 0.3793103448275862
000194 0.40245261984392416
000195 0.64
000196 0.5261918775750442
000197 0.41
000198 0.21951219512195122
000199 0.1546162402669633
000200 0.09523809523809523
000201 0.5080213903743316
000202 0.7667757774140753
000203 0.6537372244797439
000204 0.23076923076923078
000205 0.7580613640805159
000206 0.4122916148295596
000207 0.7816091954022989
000208 0.46291959406713507
000209 0.5170962651236192
000210 0.18069405664140406
000211 0.3896260554885404
000212 0.4253731343283582
000213 0.3333333333333333
000214 0.15023474178403756
000215 0.3774216694570677
000216 0.7657992565055762
000217 0.5637547476939773
000218 0.3374175306314797
000219 0.28565784274990125
000220 0.464
000221 0.40522875816993464
000222 0.44294547498594716
000223 0.3152694610778443
000224 0.33837579617834396
000225 0.5628865979381443
000226 0.3892282065519156
000227 0.32100840336134456
000228 0.5549645390070922
000229 0.5404984423676013
000230 0.45840407470288624
000231 0.3333333333333333
000232 0.25396825396825395
000233 0.5257624918883842
000234 0.3721751412429379
000235 0.37195961450206516
000236 0.6475609756097561
000237 0.33466715169152417
000238 0.36903499469777307
000239 0.31858823529411767
000241 0.84
000242 0.6807056229327453
000243 0.2798165137614679
000244 0.25316455696202533
000245 0.4510166358595194
000246 0.2673913043478261
000247 0.3333333333333333
000248 0.0
000249 0.5878997759217763
000250 0.4221397075887677
000251 0.337924249877029
000252 0.47058823529411764
000253 0.4666666666666667
000254 0.3960880195599022
000255 0.6998606731685855
000256 0.5453843182696022
000257 0.19148936170212766
000258 0.5333333333333333
000259 0.6293193717277487
000260 0.635116598079561
000261 0.34011627906976744
000262 0.1141719216727514
000263 0.17412935323383086
000264 0.35821776335202127
000265 0.6641509433962264
000266 0.4489795918367347
000267 0.35065450218167393
000268 0.26297335203366057
000269 0.1896551724137931
000270 0.4598337950138504
000271 0.27925840092699883
000272 0.14285714285714285
000273 0.5759577278731837
000274 0.7683011852196142
000275 0.551622418879056
000276 0.5330606680299932
000277 0.4960264900662252
000278 0.31759656652360513
000279 0.202152190622598
000280 0.7819881268157131
000281 0.24813153961136025
000282 0.625
000284 0.2876712328767123
000285 0.4964904071127749
000286 0.25
000288 0.8941425546930134
000289 0.6631853785900783
000290 0.7293789253314724
000291 0.459375
000292 0.28484848484848485
000293 0.29780889407493844
000294 0.3018918198774314
000295 0.4866666666666667
000296 0.3142701525054466
000297 0.2523364485981308
000298 0.39833402748854646
000299 0.4723809523809524
000300 0.35582498682129676
000301 0.09090909090909091
000302 0.4033457249070632
