000001 0.6644591611479028
000002 0.9622976269682857
000003 0.927007299270073
000004 0.6004070556309362
000005 0.9863760217983651
000006 0.9758620689655172
000007 0.96875
000008 0.9404602622424405
000009 0.6123778501628665
000010 0.877742946708464
000011 0.9827008928571429
000012 0.841811197765103
000013 0.7641752577319587
000014 0.9661016949152542
000015 0.9022082018927445
000016 0.9727201870615745
000017 0.8409090909090909
000018 0.9818902093944539
000019 0.9875532263347527
000020 0.9048672566371682
000021 0.7634493670886076
000022 0.9833551524219188
000023 0.9888321633694959
000024 0.9193790686029043
000025 0.8982658959537573
000026 0.9759305905401623
000027 0.9055944055944056
000028 0.98125
000029 0.9602977667493796
000030 0.5984251968503937
000031 0.9938408474993841
000032 0.632630410654828
000033 0.88806690254101
000034 0.9860834990059643
000035 0.5671641791044776
000036 0.5
000037 0.8744038155802861
000038 0.6580135440180587
000039 0.9729252501471454
000040 0.751796211626388
000041 0.8785796105383734
000042 0.9933774834437086
000043 0.9946737683089214
000044 0.7503285151116952
000045 0.9318181818181818
000046 0.48344370860927155
000047 0.8964346349745331
000048 0.9789473684210527
000049 1.0
000050 0.9771877337322363
000051 0.6891534391534392
000052 0.5770292655991165
000053 0.9843400447427293
000054 0.9685508735868448
000055 0.6643518518518519
000056 0.9837793998377939
000057 0.9925373134328358
000058 0.9201773835920177
000059 0.9950298210735586
000060 0.9341614906832298
000062 0.9871194379391101
000063 0.9806060606060606
000064 0.9865331491712708
000065 0.5308310991957105
000066 0.9615384615384616
000067 0.9606873210101536
000068 0.949438202247191
000069 0.9276910435497124
000070 0.7704147071398033
000071 0.9787985865724381
000072 0.8042188529993408
000073 0.6882352941176471
000074 0.9838072669826224
000075 0.9822085889570552
000076 0.9895988112927192
000077 1.0
000078 0.9853181076672104
000079 0.409009009009009
000080 0.7710843373493976
000081 0.7608695652173914
000082 0.6258278145695364
000083 0.6520650813516896
000084 0.9508032128514057
000085 0.679144385026738
000086 0.6059880239520958
000087 0.6388036809815951
000088 0.9444444444444444
000089 0.965928717224054
000090 0.9145631067961165
000091 0.9429175475687104
000092 0.7848101265822784
000093 0.7278727872787278
000094 0.7707692307692308
000095 0.9809747755451047
000096 0.9889415481832543
000097 0.976606614681366
000098 0.6875
000099 0.8021327014218009
000100 0.5714285714285714
000101 0.9629629629629629
000102 0.4279475982532751
000103 0.9107142857142857
000104 0.9839939024390244
000105 0.7538910505836576
000106 0.9895104895104895
000107 0.35072815533980584
000108 0.8288288288288288
000109 0.9598214285714286
000110 0.7732342007434945
000111 0.9798449612403101
000112 0.8813151563753007
000113 0.973083674663546
000114 0.8452655889145496
000115 1.0
000116 0.8021390374331551
000117 0.5274151436031331
000118 0.9863013698630136
000119 0.7920560747663551
000120 0.9826977401129944
000121 0.977825982164377
000122 0.7989473684210526
000123 0.4721030042918455
000124 0.9496753246753247
000125 0.7884733292458614
000126 0.98125
000127 0.9834254143646409
000128 0.589041095890411
000129 0.8917662682602921
000130 0.9695528068506185
000131 0.7943517329910141
000132 0.799812030075188
000133 0.97890625
000134 0.6791744840525328
000135 0.9935251798561151
000136 0.9831460674157303
000137 0.8518263266712612
000138 0.4597875569044006
000139 0.948905109489051
000140 0.972972972972973
000141 0.9139303482587064
000142 0.97439140056908
000143 0.9705882352941176
000144 0.8944223107569721
000145 0.6953125
000146 1.0
000147 0.911839863713799
000148 0.7704918032786885
000149 0.8208828522920204
000150 1.0
000151 0.7277676950998185
000152 0.9768339768339769
000153 0.993801652892562
000154 0.9787759131293189
000155 0.7776810235112868
000156 0.7208939708939709
000157 0.875
000158 0.9956140350877193
000159 0.7731958762886598
000160 0.952755905511811
000161 0.932806324110672
000162 0.7703422053231939
000163 0.7762039660056658
000164 1.0
000165 0.9773993808049536
000166 0.9137931034482759
000167 0.5818181818181818
000168 0.8166089965397924
000169 0.9789739276703112
000170 0.9602864583333334
000171 0.5757575757575758
000172 0.982089552238806
000173 0.9785714285714285
000174 0.9798136645962733
000175 0.9577464788732394
000176 0.9911504424778761
000177 0.8811475409836066
000178 0.6551518761167362
000179 0.9740634005763689
000180 0.980594849474066
000181 0.9957337883959044
000182 0.9269709543568465
000183 0.9545454545454546
000184 0.981651376146789
000185 0.4288747346072187
000186 0.6308724832214765
000187 0.773224043715847
000188 0.9871447902571042
000189 0.8049600672551492
000190 0.6206462442299623
000191 0.5722326454033771
000192 0.64
000193 0.6086956521739131
000194 0.6085972850678733
000195 0.7319182389937107
000196 0.989466754443713
000197 0.9733333333333334
000198 0.8947368421052632
000199 0.9260112647209422
000200 1.0
000201 0.6666666666666666
000202 0.9678483099752679
000203 0.8939232409381663
000204 0.6153846153846154
000205 0.8764984666852523
000206 0.9713488843813387
000207 0.8091603053435115
000208 0.8943722943722944
000209 0.7584715212689257
000210 0.9228471876555501
000211 0.3747323340471092
000212 0.6140350877192983
000213 0.8996865203761756
000214 1.0
000215 0.7879781420765027
000216 0.759656652360515
000217 0.7776923076923077
000218 0.5542372881355933
000219 0.918141592920354
000220 0.9725274725274725
000221 0.7725631768953068
000222 0.9770246984491672
000223 0.9862684517679369
000224 0.9856115107913669
000225 0.7064220183486238
000226 0.9746835443037974
000227 0.6226826608505998
000228 0.9659498207885304
000229 0.7298474945533769
000230 0.7782705099778271
000231 1.0
000232 0.8588235294117647
000233 0.8771481323675614
000234 0.9719424460431655
000235 0.9696897939853185
000236 0.4666666666666667
000237 0.9796012980992118
000238 0.5328208160851567
000239 0.9109712230215827
000241 0.983451536643026
000242 0.9660486933214206
000243 0.7446808510638298
000244 0.7660377358490567
000245 0.5727272727272728
000246 0.7362637362637363
000247 0.4166666666666667
000248 1.0
000249 0.9735349716446124
000250 0.8100595632031767
000251 0.9813193228254524
000252 0.7666214382632293
000253 0.5735294117647058
000254 0.9473229706390328
000255 0.9683651291958464
000256 0.5631629701060752
000257 0.8734177215189873
000258 0.5277777777777778
000259 0.8904293381037567
000260 0.8084840923268871
000261 0.9817518248175182
000262 0.8824514400535833
000263 0.9947089947089947
000264 0.9994059994059994
000265 0.575
000266 0.9805028219599795
000267 0.9815573770491803
000268 0.9366643209007741
000269 0.9695712309820194
000270 0.7906458797327395
000271 0.988388969521045
000272 0.6666666666666666
000273 0.98600811529313
000274 0.970128453708192
000275 0.8557993730407524
000276 0.7567307692307692
000277 0.9853235490326885
000278 0.968103448275862
000279 0.9416983523447402
000280 0.9803719008264463
000281 0.9300991131977048
000282 0.5833333333333334
000284 0.8998316498316499
000285 0.9823284823284824
000286 0.5714285714285714
000288 0.9964689265536724
000289 0.7933884297520661
000290 0.9867957746478874
000291 0.783410138248848
000292 0.8385826771653543
000293 0.986965506278811
000294 0.9789762340036563
000295 0.6474654377880185
000296 0.8912564290962528
000297 0.81
000298 0.9803886769012334
000299 0.5982905982905983
000300 0.965055329062318
000301 1.0
000302 0.9771428571428571
