000001 0.4868217054263566
000002 0.5474121647147714
000003 0.9439671273813971
000004 0.7100638977635783
000005 0.9993122420907841
000006 0.9973568281938326
000007 0.9893048128342246
000008 0.9980124929017604
000009 0.8523206751054853
000010 0.73
000011 0.9854096520763187
000012 0.9466439433665443
000013 0.742462311557789
000014 1.0
000015 0.9002671415850401
000016 0.9678044996121024
000017 0.9524421593830334
000018 0.9891552511415526
000019 0.9824618382591751
000020 0.6463223787167449
000021 0.38323824513082827
000022 0.906788421778084
000023 0.9988180939078113
000024 0.9533678756476683
000025 0.6834302325581395
000026 0.6216500262743038
000027 0.7896341463414634
000028 0.9913180741910024
000029 0.8918232605383444
000030 0.6043737574552683
000031 0.994088669950739
000032 0.6554809843400448
000033 0.45528715405535114
000034 0.8051220488195278
000035 0.6819338422391857
000036 0.696078431372549
000037 0.8264840182648402
000038 0.6520763187429854
000039 0.9673849737914968
000040 0.7629338572364113
000041 0.9783715012722646
000042 1.0
000043 0.9986631016042781
000044 0.6411149825783972
000045 1.0
000046 0.3872832369942196
000047 0.8237129485179407
000048 1.0
000049 1.0
000050 0.9908987485779295
000051 0.7212449255751014
000052 0.5548977395048439
000053 0.8805970149253731
000054 0.9224813798510388
000055 0.5903614457831325
000056 0.9316436251920123
000057 1.0
000058 0.9904534606205251
000059 0.9970119521912351
000060 0.9620293554562859
000062 1.0
000063 0.998766954377312
000064 0.7448687970901533
000065 0.599388379204893
000066 1.0
000067 0.6087598425196851
000068 0.9916688362405623
000069 0.6203102961918194
000070 0.8364398881640261
000071 0.992831541218638
000072 0.7899484536082474
000073 0.7532467532467533
000074 0.6018147537119962
000075 0.8027279616064663
000076 0.7607709750566893
000077 1.0
000078 0.9805194805194806
000079 0.3549920760697306
000080 0.9416058394160584
000081 0.3711340206185567
000082 0.6279329608938548
000083 0.6956521739130435
000084 0.9931758530183727
000085 0.5407166123778502
000086 0.5064935064935064
000087 0.6392405063291139
000088 1.0
000089 0.9898616028323142
000090 0.40737636211232187
000091 0.42573320719016083
000092 0.7664543524416136
000093 0.7111828588200763
000094 0.8083067092651757
000095 0.9770017035775128
000096 0.9936507936507937
000097 0.9878911564625851
000098 0.6111111111111112
000099 0.8508217446270544
000100 0.6659919028340081
000101 1.0
000102 0.6024844720496895
000103 0.27918781725888325
000104 0.9976851851851852
000105 0.7318702290076335
000106 0.993006993006993
000107 0.27350427350427353
000108 0.6359183673469387
000109 0.9935304990757856
000110 0.7717391304347826
000111 0.9984177215189873
000112 0.5408492674447479
000113 0.8633056133056133
000114 0.8173719376391982
000115 0.6894736842105263
000116 0.8552412645590682
000117 0.39920948616600793
000118 0.9050632911392406
000119 0.9304666056724611
000120 0.8684373069796171
000121 0.9728495915425276
000122 0.6988062442607897
000123 0.4311594202898551
000124 0.9244398124022929
000125 0.7008999470619375
000126 0.9606060606060606
000127 0.9955257270693513
000128 0.8461538461538461
000129 0.5805626598465473
000130 0.9433611884865367
000131 0.9720652856246077
000132 0.8005684509711037
000133 0.9790209790209791
000134 0.6931493815413892
000135 0.8186390532544379
000136 1.0
000137 0.7930960548885078
000138 0.4697885196374622
000139 0.9984662576687117
000140 1.0
000141 0.8275233538391433
000142 0.8734212742071288
000143 1.0
000144 0.802491103202847
000145 0.36771300448430494
000146 0.9285714285714286
000147 0.624174856975209
000148 0.9607476635514018
000149 0.5290163259706407
000150 1.0
000151 0.8145896656534954
000152 0.9816247582205029
000153 0.7740863787375415
000154 0.9729862475442044
000155 0.9375151368370065
000156 0.5795744680851064
000157 0.9666666666666667
000158 1.0
000159 0.5018686599038975
000160 0.8195275590551181
000161 0.8050314465408805
000162 0.9324572127139364
000163 0.8147058823529412
000164 1.0
000165 0.9865625
000166 0.6513157894736842
000167 0.7847533632286996
000168 0.7333333333333333
000169 0.7199017199017199
000170 0.8780341624213366
000171 0.9523809523809523
000172 0.9979777553083923
000173 1.0
000174 0.882745207001945
000175 0.9642857142857143
000176 0.875
000177 0.9555555555555556
000178 0.5899053627760252
000179 0.9950932286555446
000180 0.9578066583585544
000181 0.8673020527859238
000182 0.33560830860534124
000183 1.0
000184 1.0
000185 0.5196078431372549
000186 0.7857142857142857
000187 0.8987138263665595
000188 0.7746107152282924
000189 0.9359726295210166
000190 0.6765375854214123
000191 0.6423357664233577
000192 0.8181818181818182
000193 0.6071428571428571
000194 0.49005424954792043
000195 0.8293333333333334
000196 0.8851190476190476
000197 1.0
000198 0.958904109589041
000199 0.5803751106817999
000200 1.0
000201 0.5980392156862745
000202 0.9940728196443692
000203 0.9323537565844192
000204 1.0
000205 0.8541157294213529
000206 0.9804978188350013
000207 0.8134328358208955
000208 0.9152542372881356
000209 0.7989575577066269
000210 0.8118466898954704
000211 0.59375
000212 0.4230769230769231
000213 0.7228915662650602
000214 1.0
000215 0.46752837326607816
000216 0.7672413793103449
000217 0.7605105105105106
000218 0.5822784810126582
000219 0.8891763691246227
000220 0.587171052631579
000221 0.9184549356223176
000222 0.9815827338129497
000223 0.8675395858708892
000224 0.9967663702506063
000225 0.7483221476510067
000226 0.9635327635327635
000227 0.8134642356241234
000228 0.9908088235294118
000229 0.821256038647343
000230 0.8209302325581396
000231 1.0
000232 0.8930817610062893
000233 0.9613653995345229
000234 0.9803921568627451
000235 0.9706439393939394
000236 0.38306451612903225
000237 0.8060921248142645
000238 0.9161554192229039
000239 0.54723991507431
000241 0.9982003599280144
000242 0.9885557335774777
000243 0.8711656441717791
000244 0.5892351274787535
000245 0.7088122605363985
000246 0.8190184049079755
000247 0.3333333333333333
000248 1.0
000249 0.9685138539042821
000250 0.7532188841201717
000251 0.843452082288008
000252 0.8524844720496895
000253 0.6190476190476191
000254 0.9398625429553265
000255 0.9148677409546975
000256 0.5057573073516386
000257 0.8765432098765432
000258 0.646551724137931
000259 0.794488188976378
000260 0.6761658031088082
000261 0.9955588452997779
000262 0.9909740503948853
000263 0.955
000264 0.9935045763212282
000265 0.6472602739726028
000266 0.9947970863683663
000267 0.9688763136620857
000268 0.9962574850299402
000269 0.6855769230769231
000270 0.7252066115702479
000271 0.9976553341148886
000272 0.4
000273 0.9468514531754575
000274 0.9603046111410926
000275 0.9547038327526133
000276 0.7626310772163966
000277 0.9872053872053872
000278 0.9955673758865248
000279 0.597051597051597
000280 0.8660046427650245
000281 0.5786388798436991
000282 1.0
000284 0.8380660015349194
000285 0.9078694817658349
000286 0.5
000288 1.0
000289 0.8008298755186722
000290 0.9564048124557679
000291 0.717948717948718
000292 0.8288973384030418
000293 0.8128454856541195
000294 0.8741830065359477
000295 0.6658767772511849
000296 0.7907431551499348
000297 0.9195402298850575
000298 0.9387755102040817
000299 0.49818181818181817
000300 0.9014778325123153
000301 1.0
000302 0.9771428571428571
