000001 0.16622693491166898
000002 0.2311928904339962
000003 0.3119307445200302
000004 0.24488935357389222
000005 0.3793183882911128
000006 0.331609362024891
000007 0.36102532973444446
000008 0.5950613480016048
000009 0.2613490065815263
000010 0.2617811581122424
000011 0.3144123477216484
000012 0.3520932598611816
000013 0.23726090446773485
000014 0.3355586052894792
000015 0.37544801078472595
000016 0.34315001176345195
000017 0.34790808695713044
000018 0.3434568693583356
000019 0.40107220634220564
000020 0.22334442313272537
000021 0.12247312590722893
000022 0.3441620881863229
000023 0.32031132584686156
000024 0.3985231673135089
000025 0.2706271053406708
000026 0.23919985994462284
000027 0.3056446988342315
000028 0.3548060772484015
000029 0.33357245260524276
000030 0.18834505041782712
000031 0.3983705860310953
000032 0.18235569295039644
000033 0.16783630009913061
000034 0.28766853928139485
000035 0.20255557089603754
000036 0.1979146649271734
000037 0.2687404083946707
000038 0.17328478494430194
000039 0.3240860709657261
000040 0.2582588236150657
000041 0.3745014500717404
000042 0.36034406322949786
000043 0.4010411826573558
000044 0.16597423948485812
000045 0.3090316261566616
000046 0.1523177310062556
000047 0.3079183189341053
000048 0.37772851705949123
000049 0.3806585636499703
000050 0.33568124457786996
000051 0.22208971694796845
000052 0.17806455434531232
000053 0.31043543019965725
000054 0.33114498556701705
000055 0.17541809787669563
000056 0.3660777594650035
000057 0.3664354570637119
000058 0.33903022609822553
000059 0.4496429357948427
000060 0.3545510842020802
000062 0.37063148373733673
000063 0.3598828422443741
000064 0.2823510457369353
000065 0.18567947601046925
000066 0.42185908416124246
000067 0.2198287070158482
000068 0.3605947289384811
000069 0.2417786791214877
000070 0.29018400505745956
000071 0.3672019935667265
000072 0.26814372313601503
000073 0.26526302035696553
000074 0.23189396542094648
000075 0.3250612490365976
000076 0.329451133526375
000077 0.3990581593583187
000078 0.3689389033422303
000079 0.12395897858346111
000080 0.2591302495405026
000081 0.12752658641461775
000082 0.21011344522778513
000083 0.21642183224190276
000084 0.3746966812478581
000085 0.16725821990950462
000086 0.13633360188511234
000087 0.1678639862556258
000088 0.4292864610559331
000089 0.3555331217123087
000090 0.15910773562279498
000091 0.15678065539608188
000092 0.28490300325959683
000093 0.20503663735331704
000094 0.2828766504569338
000095 0.3618599638821405
000096 0.3788312726789289
000097 0.35630686223157065
000098 0.21307841507342754
000099 0.34947383890047024
000100 0.19148401652298067
000101 0.3329492423805957
000102 0.22333331491132566
000103 0.10166139196831553
000104 0.35861205212093683
000105 0.25996650720353615
000106 0.3240775159541975
000107 0.08185085605956746
000108 0.2354694506930954
000109 0.3408234225287193
000110 0.21624939282908665
000111 0.3819164911529171
000112 0.19520029232854766
000113 0.3287747915555741
000114 0.31839425009367445
000115 0.2265740338688667
000116 0.3118861830642152
000117 0.08398728539637806
000118 0.3225234737970694
000119 0.31384597125081753
000120 0.32059330117162815
000121 0.3485409686556788
000122 0.2516541958277555
000123 0.10405403100061072
000124 0.3239308729324637
000125 0.1473221721371069
000126 0.3312147342051528
000127 0.3504143446423235
000128 0.3080553233688386
000129 0.22418665616174377
000130 0.46961447671904283
000131 0.40194728258311657
000132 0.29184620708555126
000133 0.35486040017724535
000134 0.1980635542863795
000135 0.32286065605640374
000136 0.36741665983233907
000137 0.2852715801802055
000138 0.11640060424726018
000139 0.3410766721580465
000140 0.4271041779880446
000141 0.3008384254722354
000142 0.31741042081495385
000143 0.36449323266413836
000144 0.27081538545660006
000145 0.12799632531425284
000146 0.35584214808787634
000147 0.23313886855203947
000148 0.39126754658215995
000149 0.17927362792335078
000150 0.40782972116005545
000151 0.28118285035765433
000152 0.36118076868216054
000153 0.2910998833288859
000154 0.34869829838020355
000155 0.3523141487015826
000156 0.1080403662636327
000157 0.5125212947189097
000158 0.4283058029095848
000159 0.1857443092726072
000160 0.30979254035664994
000161 0.32354426951839077
000162 0.41259294299999244
000163 0.29458587334957914
000164 0.39456129169322285
000165 0.3303608819365713
000166 0.23783455885366714
000167 0.2513414092263314
000168 0.2613264355147252
000169 0.2674058285886098
000170 0.3445220477342367
000171 0.3011372344664807
000172 0.35767478555533927
000173 0.35189997528876277
000174 0.3330300882988405
000175 0.3597900420403815
000176 0.30867189502281
000177 0.3119919075450242
000178 0.19420647190371193
000179 0.35377218438924646
000180 0.3633987025920947
000181 0.309459354964514
000182 0.12045377374464016
000183 0.3553616431451613
000184 0.3348729101535952
000185 0.12191847254205238
000186 0.38801047564934005
000187 0.36528941788590374
000188 0.30985036695262846
000189 0.3091572168657761
000190 0.19705486266214312
000191 0.21797684353848887
000192 0.27990097588978186
000193 0.23289421801627416
000194 0.16025888632353327
000195 0.2668551076274196
000196 0.3109697847768498
000197 0.3371951247191266
000198 0.3674986033180306
000199 0.2764483943862381
000200 0.40210557327048385
000201 0.15928877769835598
000202 0.3513139847601972
000203 0.3212884166785683
000204 0.4458871230833761
000205 0.24633866359629883
000206 0.35677676213734427
000207 0.205845743930841
000208 0.33517199913979967
000209 0.2601434242472101
000210 0.3507111736208783
000211 0.19664792807008893
000212 0.14951344554072354
000213 0.24237105885524526
000214 0.32447138062941494
000215 0.15014008500048892
000216 0.15190555192623123
000217 0.287820536218659
000218 0.20585967492240703
000219 0.3377575916376546
000220 0.21487500134754908
000221 0.33321442616699176
000222 0.3564109125021696
000223 0.3519713744402745
000224 0.35559672391203967
000225 0.229901460773944
000226 0.33894292008089083
000227 0.2773666568421263
000228 0.37122599150820845
000229 0.2537203992030046
000230 0.274176667993857
000231 0.47512234910277323
000232 0.3142882946671772
000233 0.39271660892896126
000234 0.3939056607991892
000235 0.3789953695174735
000236 0.0973040043862725
000237 0.28310139921577765
000238 0.3027962344629198
000239 0.1969096592688959
000241 0.3404768941265126
000242 0.3410247097563194
000243 0.32937171498813156
000244 0.20574883863177376
000245 0.20434274205201508
000246 0.29968645582572295
000247 0.17166563595135023
000248 0.5945945945945946
000249 0.3490734843332637
000250 0.27246319075084297
000251 0.3195557192961773
000252 0.2969954377233282
000253 0.1913374308140741
000254 0.3370201026606628
000255 0.3319532625142967
000256 0.15338703102017068
000257 0.3482351884561267
000258 0.19628256033341782
000259 0.2596825458351099
000260 0.1844679159547207
000261 0.4179018848311814
000262 0.639281150137253
000263 0.33758456797844155
000264 0.41864663875087077
000265 0.14646598989817622
000266 0.35966474261352194
000267 0.36051877516444936
000268 0.41501676094265494
000269 0.25525811037114926
000270 0.22477173783458237
000271 0.37277143787229683
000272 0.12632260152078953
000273 0.3687192879753517
000274 0.3422547088033509
000275 0.32803340822171534
000276 0.2823079987532207
000277 0.36241907439914145
000278 0.34873119931298496
000279 0.24029931011170352
000280 0.2867503804873521
000281 0.2127707906753799
000282 0.23761591503526988
000284 0.29988428138741585
000285 0.3224964798278272
000286 0.1964154186103609
000288 0.33388534924566454
000289 0.23442847161572053
000290 0.31900944063232994
000291 0.23643703258911514
000292 0.2713767750590773
000293 0.30775586304616454
000294 0.3332552533007465
000295 0.20821080569522207
000296 0.3233706643071917
000297 0.34073226832241926
000298 0.3411439685257247
000299 0.16105833306364062
000300 0.3507378905112654
000301 0.5110595514307811
000302 0.3659370362260662
