000001 0.10987583779651494
000002 0.1987105886236143
000003 0.27880723306093924
000004 0.14702101025346812
000005 0.36139024037766754
000006 0.31518645550964053
000007 0.3406878749661131
000008 0.5506039008468289
000009 0.15541376962594647
000010 0.2098530830322669
000011 0.2955515914420024
000012 0.30070090750505535
000013 0.184608339717364
000014 0.32262566583703567
000015 0.30240009558638925
000016 0.32284206964061796
000017 0.2870291124856794
000018 0.3333267136488906
000019 0.35324500466226433
000020 0.19266832253248922
000021 0.09696289135910437
000022 0.3308686069308077
000023 0.31479198169563655
000024 0.33682099224984813
000025 0.24103723863847337
000026 0.2288374021570371
000027 0.25700440591396895
000028 0.3300373814916518
000029 0.30665334685078316
000030 0.11395185147601655
000031 0.3724039544716831
000032 0.11313726511866529
000033 0.1442311643028458
000034 0.27787832100776244
000035 0.11600549189255527
000036 0.10205360107425462
000037 0.23299935811592362
000038 0.11621496059753972
000039 0.3125628596913435
000040 0.19454411094642157
000041 0.3102909301828617
000042 0.345313203521678
000043 0.37864896192059366
000044 0.12362044896995576
000045 0.28472562311518934
000046 0.0809775957316941
000047 0.272786212927642
000048 0.3612552580623623
000049 0.337077752832185
000050 0.31852683469128035
000051 0.14982668013474007
000052 0.10242878647932725
000053 0.2930291814450245
000054 0.3141192989833856
000055 0.11931989360794111
000056 0.34693058343769184
000057 0.3514149584487535
000058 0.29937009044991264
000059 0.38956783777233545
000060 0.33239341849475534
000062 0.3528588946769978
000063 0.3342144852534445
000064 0.2655688654316476
000065 0.10246960736535701
000066 0.35739865250656616
000067 0.21001981248255822
000068 0.32810870599136893
000069 0.21591679477508618
000070 0.22298814294589753
000071 0.3331692287552364
000072 0.21215277687051723
000073 0.1769833015391852
000074 0.21878555552239995
000075 0.3055813403554663
000076 0.29611390001851734
000077 0.3654174002962466
000078 0.3336098304861411
000079 0.05189468230766384
000080 0.1836260409906317
000081 0.09247461636380037
000082 0.1411860345573619
000083 0.14537748197534994
000084 0.3400279766023348
000085 0.11609404277947344
000086 0.08795720940375447
000087 0.10788946663129623
000088 0.3303646105593309
000089 0.3393758019207063
000090 0.1317154451763152
000091 0.1428127194730343
000092 0.2130505938253019
000093 0.1470623220314383
000094 0.23177383658782613
000095 0.3357735986682275
000096 0.3557982787474975
000097 0.3370240588293782
000098 0.15439179828207258
000099 0.25023012919959275
000100 0.11214509923597563
000101 0.32073515008353976
000102 0.0998832044713897
000103 0.09046449416917783
000104 0.33764342681145065
000105 0.20110485608621717
000106 0.31727732359401606
000107 0.03379856949376915
000108 0.19012154983445928
000109 0.32282409500121356
000110 0.17105428857559202
000111 0.35359487856828375
000112 0.1725880658914679
000113 0.30440663680171426
000114 0.26506880812072076
000115 0.22476011081687694
000116 0.243288792203391
000117 0.048513377443196885
000118 0.3011590694954352
000119 0.24989313964068993
000120 0.31174068439492497
000121 0.3370269434141884
000122 0.1949168985076396
000123 0.053455923245681373
000124 0.30287574267313194
000125 0.1142091912796086
000126 0.31450181841614544
000127 0.32792220794863974
000128 0.182226241333353
000129 0.1951774973186767
000130 0.4055033245639325
000131 0.2750841892086385
000132 0.23535596125019007
000133 0.3308163409528466
000134 0.13782389997077957
000135 0.3043117045542912
000136 0.3462304820518672
000137 0.23741857178608922
000138 0.058183259692846705
000139 0.31401880222154266
000140 0.369082249144903
000141 0.268772975978546
000142 0.2981236585409008
000143 0.32917087088131936
000144 0.2327059423926317
000145 0.095509339826274
000146 0.34697314890154596
000147 0.2062559975905506
000148 0.2829513650669193
000149 0.14980782143231602
000150 0.3853795865651824
000151 0.19056112301592393
000152 0.33273271891521305
000153 0.2814940914553504
000154 0.3299994753211665
000155 0.2604822037506747
000156 0.07949356671109288
000157 0.30327512776831345
000158 0.3827031783531482
000159 0.14375801354778606
000160 0.2585968520998153
000161 0.2895063737838471
000162 0.27081294143993395
000163 0.21317917825703206
000164 0.35515315112660745
000165 0.3203963035830435
000166 0.20632106173507447
000167 0.14911550032415266
000168 0.19318460513066135
000169 0.2446906791269556
000170 0.306500466773128
000171 0.1738466725929559
000172 0.32795050610709703
000173 0.3379819687681847
000174 0.30823607261207564
000175 0.327845044195256
000176 0.2890358296170998
000177 0.2674600446054708
000178 0.1287066772709371
000179 0.32631868352936444
000180 0.3409041991608209
000181 0.3011763677502429
000182 0.10879269764128566
000183 0.3227822580645161
000184 0.32623623759684656
000185 0.05482815589749846
000186 0.2078724112933247
000187 0.27023347486529786
000188 0.2872143386799254
000189 0.2512966514169561
000190 0.12052503818128871
000191 0.12395440732482191
000192 0.1648213260619977
000193 0.15136125748288345
000194 0.10072234756374128
000195 0.19225880866550799
000196 0.297683092717397
000197 0.3170108263918836
000198 0.3123199494765479
000199 0.21172677126580822
000200 0.35312456675447107
000201 0.1099735525375268
000202 0.33530255490811295
000203 0.283259628397908
000204 0.2899100526634665
000205 0.21608515316815458
000206 0.33368552295706233
000207 0.16883858200718624
000208 0.29917097820999455
000209 0.19622132786547353
000210 0.32027708496119184
000211 0.07092016371615957
000212 0.09221706326175276
000213 0.2159989339149828
000214 0.27016967449719553
000215 0.12024182199780908
000216 0.11739130434782609
000217 0.22701307956372485
000218 0.11873160215384539
000219 0.29354461127421816
000220 0.2049738575478919
000221 0.25974052284725724
000222 0.33428491827125734
000223 0.3341320561035434
000224 0.3478879307487854
000225 0.164164042016391
000226 0.3218522658630108
000227 0.17184979443398157
000228 0.3500841332531234
000229 0.18857312256449138
000230 0.2133617257266367
000231 0.47512234910277323
000232 0.27536974285982646
000233 0.32781596970393306
000234 0.35461281355730107
000235 0.34079860520723027
000236 0.04901946408420623
000237 0.2767179646677109
000238 0.1708419661556036
000239 0.17885313289693014
000241 0.33372018692650574
000242 0.32303298653534307
000243 0.23565403526619194
000244 0.15257214719979753
000245 0.12648016699604964
000246 0.21796584767314983
000247 0.06395588538445682
000248 0.43355855855855857
000249 0.3335470431110301
000250 0.22255046274307497
000251 0.30373851277668074
000252 0.22923805193976518
000253 0.11640920950644644
000254 0.30369983477522117
000255 0.32029646609991164
000256 0.09022973199981972
000257 0.27208035206418585
000258 0.10671763678860072
000259 0.23111463191941117
000260 0.15214583393667738
000261 0.39423737327052305
000262 0.3493471038424733
000263 0.32639657975826347
000264 0.3900294520627028
000265 0.09073216798438279
000266 0.34021138497185766
000267 0.34148321490592864
000268 0.3580856328032397
000269 0.24323829448533707
000270 0.17170412454625059
000271 0.34712502519761784
000272 0.09060022650056625
000273 0.35427864778908197
000274 0.32374114458405034
000275 0.27360570409370766
000276 0.21263009570322225
000277 0.3480352403850154
000278 0.31729743840954405
000279 0.21622850821259007
000280 0.2789823069372178
000281 0.19603196368443462
000282 0.18475073313782991
000284 0.25824332742695777
000285 0.31032350975105316
000286 0.11772649152958507
000288 0.32968431414564947
000289 0.18797065502183405
000290 0.31260640027056535
000291 0.19418063213057482
000292 0.21983112003542446
000293 0.2909141855095768
000294 0.31282349972106366
000295 0.14174416616880176
000296 0.27848719299080066
000297 0.27768630359095536
000298 0.32515954787520784
000299 0.097062899206515
000300 0.3118019891836975
000301 0.3691415313225058
000302 0.3476772984940272
