000001 0.7307692307692307
000002 0.8073304825901039
000003 0.8069444444444445
000004 0.6954938552571689
000005 0.8027118644067797
000006 0.803946803946804
000007 0.7948717948717948
000008 0.90265604249668
000009 0.4975247524752475
000010 0.7686116700201208
000011 0.7778390297684675
000012 0.7766447368421052
000013 0.769090909090909
000014 0.9661016949152542
000015 0.6354877559213168
000016 0.7817565020731247
000017 0.6399132321041214
000018 0.8974789915966387
000019 0.6353431686978832
000020 0.8285322359396433
000021 0.9102875399361022
000022 0.8783006093432634
000023 0.9617463176857052
000024 0.6793785310734464
000025 0.848
000026 0.9190889002209757
000027 0.6401098901098901
000028 0.7130703789636504
000029 0.8100803506208911
000030 0.7472636815920398
000031 0.805140758873929
000032 0.7870145631067961
000033 0.8784881145725676
000034 0.9178082191780822
000035 0.6716791979949874
000036 0.5956989247311828
000037 0.8598726114649682
000038 0.8176136363636364
000039 0.9077615298087739
000040 0.7628913443830571
000041 0.6067039106145251
000042 0.8184818481848185
000043 0.7579787234042553
000044 0.8353879622915156
000045 0.75
000046 0.7651933701657458
000047 0.8333333333333334
000048 0.8736842105263158
000049 0.6666666666666666
000050 0.9311366160681229
000051 0.6973578863090473
000052 0.7439330543933055
000053 0.8677766895200784
000054 0.8502915177731803
000055 0.8099941894247531
000056 0.8829305135951662
000057 0.8432835820895522
000058 0.7390350877192983
000059 0.6623762376237624
000060 0.8938447814451382
000062 0.7833723653395784
000063 0.6783555018137848
000064 0.8358094262295082
000065 0.7315716272600834
000066 0.6923076923076923
000067 0.9536154927377791
000068 0.7628599556977603
000069 0.8745806451612903
000070 0.711318795430945
000071 0.6596491228070176
000072 0.7813425468904245
000073 0.6502057613168725
000074 0.9112940630797773
000075 0.819533961328706
000076 0.7539149888143176
000077 0.7631578947368421
000078 0.6208
000079 0.7815328907664454
000080 0.7666666666666667
000081 0.9083969465648855
000082 0.7536323436512951
000083 0.7515337423312883
000084 0.7602193419740778
000085 0.8390272148233932
000086 0.8304172274562585
000087 0.8035235541937955
000088 0.5
000089 0.9073815073815074
000090 0.857036485480268
000091 0.9147826086956522
000092 0.7048903878583473
000093 0.8008354218880535
000094 0.7694770544290288
000095 0.7111528822055138
000096 0.8021978021978022
000097 0.7773354564755839
000098 0.76
000099 0.6242774566473989
000100 0.7542297417631345
000101 0.9629629629629629
000102 0.6160108548168249
000103 0.9534883720930233
000104 0.7845220030349014
000105 0.7989018531228552
000106 0.962457337883959
000107 0.8364997121473805
000108 0.8167330677290837
000109 0.8669032830523514
000110 0.7815315315315315
000111 0.6790697674418604
000112 0.9066227889757301
000113 0.7734611503531786
000114 0.7726432532347505
000115 0.9789473684210527
000116 0.7013245033112583
000117 0.892272983643542
000118 0.73125
000119 0.7692857142857142
000120 0.9356991204124963
000121 0.8937908496732027
000122 0.7503337783711616
000123 0.8436406067677946
000124 0.8816625916870415
000125 0.8820157630761882
000126 0.9198813056379822
000127 0.7230769230769231
000128 0.6304347826086957
000129 0.8637037037037038
000130 0.7050359712230215
000131 0.3859301461481298
000132 0.7871598046057222
000133 0.7574144486692015
000134 0.8011884129735083
000135 0.869935408103347
000136 0.7162921348314607
000137 0.8024754153950492
000138 0.8306523681858803
000139 0.710334788937409
000140 0.5675675675675675
000141 0.8700120918984281
000142 0.8098880087407813
000143 0.5588235294117647
000144 0.6778846153846154
000145 0.8649425287356322
000146 0.8571428571428571
000147 0.8669654289372599
000148 0.5732758620689655
000149 0.8787301587301587
000150 0.7983870967741935
000151 0.5884057971014492
000152 0.7126654064272212
000153 0.8865131578947368
000154 0.797979797979798
000155 0.6067485041021529
000156 0.8938828492617232
000157 0.23529411764705882
000158 0.6271929824561403
000159 0.8251666013328106
000160 0.7387468221923135
000161 0.8288770053475936
000162 0.3761792452830189
000163 0.6602150537634408
000164 0.6842105263157895
000165 0.9392922513727883
000166 0.8245614035087719
000167 0.6479217603911981
000168 0.6405867970660146
000169 0.79739336492891
000170 0.7327784156142365
000171 0.4857142857142857
000172 0.6564051638530288
000173 0.8428571428571429
000174 0.8033233451375646
000175 0.8082191780821918
000176 0.7906976744186046
000177 0.7440944881889764
000178 0.7944479101684342
000179 0.6641221374045801
000180 0.81144252572824
000181 0.9300291545189504
000182 0.9373853811894157
000183 0.782608695652174
000184 0.908256880733945
000185 0.777859778597786
000186 0.5714285714285714
000187 0.5936352509179926
000188 0.7981770833333334
000189 0.8116679718089271
000190 0.7486058443006915
000191 0.6679473106476399
000192 0.5882352941176471
000193 0.7103448275862069
000194 0.798216276477146
000195 0.7745945945945946
000196 0.8428487345497352
000197 0.76
000198 0.6951219512195121
000199 0.7494994438264738
000200 0.5873015873015873
000201 0.7754010695187166
000202 0.9083469721767594
000203 0.8681196896933875
000204 0.46153846153846156
000205 0.8788352550322455
000206 0.7802936053744712
000207 0.8812260536398467
000208 0.8329430132708822
000209 0.7632824829037349
000210 0.8611886717191862
000211 0.6188178528347407
000212 0.8134328358208955
000213 0.8589743589743589
000214 0.5539906103286385
000215 0.8861516383640278
000216 0.895910780669145
000217 0.7851329354313619
000218 0.6814326107445806
000219 0.6843145001975504
000220 0.9232
000221 0.7058823529411765
000222 0.7492973580663294
000223 0.807185628742515
000224 0.9450636942675159
000225 0.7587628865979381
000226 0.7912270960577457
000227 0.5857142857142857
000228 0.7872340425531915
000229 0.7531152647975078
000230 0.7487266553480475
000231 1.0
000232 0.7354497354497355
000233 0.7047371836469825
000234 0.673728813559322
000235 0.7014685635612666
000236 0.8365853658536585
000237 0.9676245907602765
000238 0.5524920466595971
000239 0.9204705882352942
000241 0.9688235294117648
000242 0.8798235942668137
000243 0.6422018348623854
000244 0.7130801687763713
000245 0.7282809611829945
000246 0.6695652173913044
000247 0.7083333333333334
000248 0.2
000249 0.8935628437563659
000250 0.7797632861452773
000251 0.8293162813575996
000252 0.7217194570135747
000253 0.7083333333333334
000254 0.7628361858190709
000255 0.9374495856860013
000256 0.8107377365778293
000257 0.7021276595744681
000258 0.7314285714285714
000259 0.8966841186736475
000260 0.8765432098765432
000261 0.8052325581395349
000262 0.15034848987719882
000263 0.8557213930348259
000264 0.8214812629094128
000265 0.8050314465408805
000266 0.8030612244897959
000267 0.7707259024196748
000268 0.6213183730715287
000269 0.896551724137931
000270 0.7686980609418282
000271 0.6723638470451911
000272 0.8571428571428571
000273 0.8499339498018494
000274 0.8948989077387869
000275 0.7227138643067846
000276 0.7695978186775733
000277 0.8556291390728477
000278 0.6334763948497855
000279 0.8324365872405841
000280 0.9612226853606164
000281 0.89745889387145
000282 0.6875
000284 0.7767123287671233
000285 0.8685072531586336
000286 0.8333333333333334
000288 0.9781227946365562
000289 0.8302872062663186
000290 0.9564549895324495
000291 0.821875
000292 0.6696969696969697
000293 0.8311940879035394
000294 0.8478550492938982
000295 0.768
000296 0.8061002178649237
000297 0.7289719626168224
000298 0.8161599333610995
000299 0.7657142857142857
000300 0.6995255666842383
000301 0.5454545454545454
000302 0.8364312267657993
