000001 0.30410654827968925
000002 0.3662159166481933
000003 0.6823184152604549
000004 0.4177386594448206
000005 0.5723014256619144
000006 0.47844827586206895
000007 0.5287958115183246
000008 0.8548494983277592
000009 0.13719512195121952
000010 0.29819277108433734
000011 0.4029099048684947
000012 0.31307593607838563
000013 0.4503225806451613
000014 0.8305084745762712
000015 0.22098214285714285
000016 0.5107212475633528
000017 0.3253697383390216
000018 0.5926345609065156
000019 0.2696702579170748
000020 0.6519823788546255
000021 0.4528152260111023
000022 0.46898355754857995
000023 0.9006488671417934
000024 0.15442278860569716
000025 0.27359572029040885
000026 0.46609936865220974
000027 0.3298611111111111
000028 0.45511319281811086
000029 0.5300710770913067
000030 0.32908912830558273
000031 0.18049741442994335
000032 0.4389438943894389
000033 0.4544891640866873
000034 0.6414909269249632
000035 0.30387931034482757
000036 0.18928571428571428
000037 0.6782884310618067
000038 0.5645342312008979
000039 0.6871345029239766
000040 0.43180349062702006
000041 0.21550741163055873
000042 0.41721854304635764
000043 0.17576564580559254
000044 0.5766129032258065
000045 0.38636363636363635
000046 0.18439716312056736
000047 0.48299319727891155
000048 0.3157894736842105
000049 0.25
000050 0.8451757666417352
000051 0.32993630573248406
000052 0.3528102392877017
000053 0.30066815144766146
000054 0.5671641791044776
000055 0.5173611111111112
000056 0.3544201135442011
000057 0.6268656716417911
000058 0.3968957871396896
000059 0.12524850894632206
000060 0.5376744186046511
000062 0.35714285714285715
000063 0.3135593220338983
000064 0.29500860585197936
000065 0.32602739726027397
000066 0.21153846153846154
000067 0.5790155440414507
000068 0.41836989032901295
000069 0.474726200505476
000070 0.3817870884993587
000071 0.2826855123674912
000072 0.47136273864384465
000073 0.3254437869822485
000074 0.38479307025986526
000075 0.29873339511893726
000076 0.20353982300884957
000077 0.10526315789473684
000078 0.29445350734094616
000079 0.1332116788321168
000080 0.6130952380952381
000081 0.2391304347826087
000082 0.4044198895027624
000083 0.38697318007662834
000084 0.5452261306532663
000085 0.4272237196765499
000086 0.44589774078478
000087 0.47562893081761004
000088 0.16666666666666666
000089 0.6225852049630909
000090 0.325187969924812
000091 0.18840579710144928
000092 0.3217391304347826
000093 0.5370982276960048
000094 0.4723926380368098
000095 0.284737067122702
000096 0.22037914691943128
000097 0.40594325668952536
000098 0.625
000099 0.2156398104265403
000100 0.4369747899159664
000101 0.8148148148148148
000102 0.25333333333333335
000103 0.624484181568088
000104 0.3789954337899543
000105 0.447702834799609
000106 0.9128919860627178
000107 0.25153374233128833
000108 0.32216905901116427
000109 0.5964285714285714
000110 0.32222222222222224
000111 0.2329192546583851
000112 0.4392220421393841
000113 0.4505558806319485
000114 0.2579908675799087
000115 0.1984732824427481
000116 0.26713395638629284
000117 0.45675675675675675
000118 0.4068965517241379
000119 0.4286827747466875
000120 0.47868623340321453
000121 0.7252481239409344
000122 0.38842105263157894
000123 0.35546875
000124 0.7494646680942184
000125 0.6420990566037735
000126 0.7932098765432098
000127 0.34033149171270716
000128 0.3298791018998273
000129 0.40275952693823913
000130 0.1556829035339064
000131 0.19206145966709348
000132 0.4716446124763705
000133 0.3620823620823621
000134 0.5670103092783505
000135 0.17839195979899497
000136 0.37640449438202245
000137 0.46788354898336415
000138 0.3057228915662651
000139 0.34402332361516036
000140 0.13513513513513514
000141 0.542979581547769
000142 0.41233562930494677
000143 0.14705882352941177
000144 0.4365079365079365
000145 0.3170731707317073
000146 0.2692307692307692
000147 0.42731182795698924
000148 0.15419161676646706
000149 0.38214665249734325
000150 0.31451612903225806
000151 0.34936479128856623
000152 0.3666987487969201
000153 0.3795309168443497
000154 0.3483201581027668
000155 0.37906354515050167
000156 0.5859538784067087
000157 0.06060606060606061
000158 0.18859649122807018
000159 0.3284433577832111
000160 0.5361522972725609
000161 0.2635761589403974
000162 0.16241475119979792
000163 0.2401129943502825
000164 0.12631578947368421
000165 0.8610337356855463
000166 0.6018518518518519
000167 0.3234323432343234
000168 0.3016949152542373
000169 0.3668885191347754
000170 0.21166448230668414
000171 0.23529411764705882
000172 0.26294820717131473
000173 0.4785714285714286
000174 0.27098765432098765
000175 0.3404255319148936
000176 0.5398230088495575
000177 0.5967078189300411
000178 0.344949793266391
000179 0.3333333333333333
000180 0.4365426695842451
000181 0.1404541631623213
000182 0.4169381107491857
000183 0.21739130434782608
000184 0.48623853211009177
000185 0.2894736842105263
000186 0.2848101265822785
000187 0.1703601108033241
000188 0.3060881264715775
000189 0.7691337258200168
000190 0.34773489932885904
000191 0.23126734505087881
000192 0.25925925925925924
000193 0.2727272727272727
000194 0.43792325056433407
000195 0.630659253375695
000196 0.5889407061958695
000197 0.4266666666666667
000198 0.23076923076923078
000199 0.2036727879799666
000200 0.09523809523809523
000201 0.40425531914893614
000202 0.7749381698268755
000203 0.6933811802232854
000204 0.23076923076923078
000205 0.8049052396878483
000206 0.42010178117048347
000207 0.7647058823529411
000208 0.4782986111111111
000209 0.5496828752642706
000210 0.18771669143140168
000211 0.2484076433121019
000212 0.3877551020408163
000213 0.4251497005988024
000214 0.12206572769953052
000215 0.5126821370750135
000216 0.6939655172413793
000217 0.6183087664856478
000218 0.20104895104895104
000219 0.31255565449688333
000220 0.779291553133515
000221 0.41007194244604317
000222 0.45803494700658837
000223 0.3649584487534626
000224 0.33093525179856115
000225 0.5993265993265994
000226 0.3982708933717579
000227 0.26557377049180325
000228 0.5645161290322581
000229 0.5290322580645161
000230 0.460352422907489
000231 0.3333333333333333
000232 0.25903614457831325
000233 0.5172023219595073
000234 0.3952483801295896
000235 0.37322611163670766
000236 0.3170731707317073
000237 0.4173441734417344
000238 0.3386150234741784
000239 0.4748455428067079
000241 0.8390532544378698
000242 0.685682326621924
000243 0.2804232804232804
000244 0.21691176470588236
000245 0.30513595166163143
000246 0.23268698060941828
000247 0.18181818181818182
000248 0.0
000249 0.6027440633245382
000250 0.4388560157790927
000251 0.3877551020408163
000252 0.45251396648044695
000253 0.4084507042253521
000254 0.41125541125541126
000255 0.7595883251588004
000256 0.4046920821114369
000257 0.1728395061728395
000258 0.40955631399317405
000259 0.7740511915269197
000260 0.7377557346559206
000261 0.34087591240875914
000262 0.11457286432160804
000263 0.1875
000264 0.3662013662013662
000265 0.5263157894736842
000266 0.4543589743589744
000267 0.35995085995085996
000268 0.258972554539057
000269 0.2670299727520436
000270 0.42727272727272725
000271 0.28310104529616725
000272 0.0
000273 0.5978139013452914
000274 0.7986914642272975
000275 0.6234177215189873
000276 0.5768872320596459
000277 0.5043712172158709
000278 0.3086206896551724
000279 0.2838709677419355
000280 0.908029197080292
000281 0.3514644351464435
000282 0.5
000284 0.325638911788953
000285 0.5469641930461858
000286 0.3333333333333333
000288 0.8926553672316384
000289 0.6583850931677019
000290 0.7645340344726848
000291 0.4790697674418605
000292 0.25
000293 0.35636769869135015
000294 0.35071668191521804
000295 0.432183908045977
000296 0.3142016188373804
000297 0.2828282828282828
000298 0.41190053285968026
000299 0.3593073593073593
000300 0.3770491803278688
000301 0.09090909090909091
000302 0.3980952380952381
