000001 0.5732542218165222
000002 0.698201092194025
000003 0.9354062557838237
000004 0.6515207035544155
000005 0.9928254185172531
000006 0.9864923747276688
000007 0.9788359788359788
000008 0.9683862524967284
000009 0.7150442477876107
000010 0.7978142076502732
000011 0.9840291398150742
000012 0.8914264551570891
000013 0.7523870146403565
000014 0.9827586206896551
000015 0.9014712438698173
000016 0.9702508263659343
000017 0.8943874471937237
000018 0.985499004833665
000019 0.9850211657440573
000020 0.7557182067703568
000021 0.5122945430637739
000022 0.9435281462889925
000023 0.9937994440880906
000024 0.9361485627066904
000025 0.7762918936767377
000026 0.7589820359281437
000027 0.8409090909090909
000028 0.9858712715855573
000029 0.9246972090573986
000030 0.5999013320177602
000031 0.9939662603127694
000032 0.6500277315585136
000033 0.6003586119607637
000034 0.8867342441604231
000035 0.6254375729288215
000036 0.5867768595041323
000037 0.843167701863354
000038 0.6520763187429854
000039 0.96936095710534
000040 0.7579700715679896
000041 0.9248346361996392
000042 0.9966777408637874
000043 0.9966644429619747
000044 0.6878504672897197
000045 0.9647058823529412
000046 0.4267515923566879
000047 0.8592351505288853
000048 0.9893617021276596
000049 1.0
000050 0.98399548107701
000051 0.699475065616798
000052 0.5641586867305062
000053 0.9301103520756699
000054 0.9451277674582057
000055 0.632258064516129
000056 0.9570019723865878
000057 0.9962546816479401
000058 0.9540229885057471
000059 0.9960199004975124
000060 0.9482623053939299
000062 0.9935179728933412
000063 0.9896151496640195
000064 0.8489783831803376
000065 0.5664739884393064
000066 0.9803921568627451
000067 0.7454801124949779
000068 0.9700751305233669
000069 0.7430309173846934
000070 0.8004459308807135
000071 0.9857651245551602
000072 0.7984369912080755
000073 0.718266253869969
000074 0.7465828521306922
000075 0.8832684824902723
000076 0.8602564102564103
000077 1.0
000078 0.9829129373474369
000079 0.3799830364715861
000080 0.8459016393442623
000081 0.5034965034965035
000082 0.6244444444444445
000083 0.67412771560237
000084 0.9715019255455712
000085 0.5989176187612748
000086 0.5504885993485342
000087 0.637223974763407
000088 0.9714285714285714
000089 0.9778237024083936
000090 0.5634782608695652
000091 0.5844155844155844
000092 0.7755102040816326
000093 0.7194180522565321
000094 0.7918622848200313
000095 0.9788777469596757
000096 0.9912905779889153
000097 0.982078853046595
000098 0.6470588235294118
000099 0.8232415902140673
000100 0.6042240587695134
000101 0.9811320754716981
000102 0.5025906735751295
000103 0.42704626334519574
000104 0.9908045977011494
000105 0.7407049734427813
000106 0.9912739965095986
000107 0.3083511777301927
000108 0.7194643269452782
000109 0.9763851044504995
000110 0.7802197802197802
000111 0.9890282131661442
000112 0.6706697459584295
000113 0.9143958161299202
000114 0.8275084554678692
000115 0.8161993769470405
000116 0.827031375703942
000117 0.4611872146118721
000118 0.9438943894389439
000119 0.8560606060606061
000120 0.921967213114754
000121 0.9764861931749669
000122 0.7464443354585582
000123 0.4473684210526316
000124 0.9368893583311328
000125 0.7386331938633194
000126 0.9694189602446484
000127 0.9894385769872152
000128 0.6945010183299389
000129 0.704239917269907
000130 0.9566854990583804
000131 0.8735016217740799
000132 0.7996214809557606
000133 0.9790209790209791
000134 0.6879131255901794
000135 0.8975024326954265
000136 0.9915014164305949
000137 0.8227313167259787
000138 0.46907993966817496
000139 0.9730941704035875
000140 0.9863013698630136
000141 0.8693154619435136
000142 0.92111883972177
000143 0.9850746268656716
000144 0.8461538461538461
000145 0.47398843930635837
000146 0.9629629629629629
000147 0.7421295892561263
000148 0.8545303408146301
000149 0.6429881607470402
000150 1.0
000151 0.7697462900909526
000152 0.9792571152918476
000153 0.8702147525676938
000154 0.9758620689655172
000155 0.849617734206387
000156 0.6397369657116017
000157 0.9206349206349206
000158 0.9978021978021978
000159 0.6064516129032258
000160 0.8810632354186066
000161 0.8640687327401043
000162 0.8438666851057945
000163 0.7982708933717579
000164 1.0
000165 0.9818068729591043
000166 0.7615384615384615
000167 0.6653992395437263
000168 0.7744
000169 0.8282685512367491
000170 0.917201439974957
000171 0.7272727272727273
000172 0.9904666332162569
000173 0.9891696750902527
000174 0.929083199298143
000175 0.9608540925266904
000176 0.9294605809128631
000177 0.9188034188034188
000178 0.6242002781641168
000179 0.9844660194174757
000180 0.9692820466624629
000181 0.9267528397963181
000182 0.4919530230535015
000183 0.9777777777777777
000184 0.9907407407407407
000185 0.4700665188470067
000186 0.6971830985915493
000187 0.8318452380952381
000188 0.868086364980775
000189 0.8657323688969258
000190 0.6486132343306399
000191 0.6039215686274509
000192 0.7346938775510204
000193 0.5930232558139535
000194 0.5441767068273092
000195 0.7827181208053692
000196 0.9349261238604213
000197 0.9864864864864865
000198 0.9271523178807947
000199 0.7135081642751113
000200 1.0
000201 0.6224489795918368
000202 0.9807852965747702
000203 0.9127425702266251
000204 0.7619047619047619
000205 0.8650433347090384
000206 0.9763638686597674
000207 0.8074074074074075
000208 0.902771667399912
000209 0.77697320782042
000210 0.8639629200463499
000211 0.4804045512010114
000212 0.5196850393700787
000213 0.8010680907877169
000214 1.0
000215 0.5902487562189055
000216 0.7672413793103449
000217 0.7729874093857306
000218 0.5724444444444444
000219 0.903395399780942
000220 0.7323076923076923
000221 0.837573385518591
000222 0.979328165374677
000223 0.9232015554115359
000224 0.9911575562700965
000225 0.7495798319327731
000226 0.969054441260745
000227 0.7125307125307125
000228 0.9782214156079855
000229 0.7736063708759955
000230 0.7986425339366516
000231 1.0
000232 0.8738461538461538
000233 0.9173822919751259
000234 0.9761388286334056
000235 0.9701845716990062
000236 0.4194260485651214
000237 0.8846310640032613
000238 0.668158090976883
000239 0.6834603911170036
000241 0.9913613345248734
000242 0.9772598710261342
000243 0.8068181818181818
000244 0.6656
000245 0.625
000246 0.777292576419214
000247 0.34782608695652173
000248 1.0
000249 0.9712150713045309
000250 0.7795050761421319
000251 0.906688241639698
000252 0.8073529411764706
000253 0.582089552238806
000254 0.9435101336783096
000255 0.9405696870237956
000256 0.5306691449814126
000257 0.8765432098765432
000258 0.5714285714285714
000259 0.8397836038285477
000260 0.7366638441998307
000261 0.9886071297317163
000262 0.9337349397590361
000263 0.9744897959183674
000264 0.9964465501924785
000265 0.6146341463414634
000266 0.987603305785124
000267 0.9751830756712775
000268 0.9655422560754443
000269 0.8038331454340474
000270 0.7597402597402597
000271 0.9929988331388565
000272 0.5
000273 0.9660900604063701
000274 0.9652242044358728
000275 0.9087893864013267
000276 0.7540056550424128
000277 0.9865410497981157
000278 0.9816433566433567
000279 0.7304609218436874
000280 0.9196110654615174
000281 0.7132249648805941
000282 0.7368421052631579
000284 0.8680445151033387
000285 0.943405634505111
000286 0.5714285714285714
000288 0.998231340643792
000289 0.8
000290 0.9714614333980304
000291 0.7483296213808464
000292 0.8336520076481836
000293 0.8909405654933641
000294 0.9236081139404402
000295 0.6557759626604434
000296 0.8385758727964051
000297 0.8602150537634409
000298 0.9591659426585578
000299 0.541501976284585
000300 0.9318246110325318
000301 1.0
000302 0.9771428571428571
