000001 0.33897435897435896
000002 0.2116065974343311
000003 0.6472222222222223
000004 0.4433318161128812
000005 0.5722033898305084
000006 0.47833547833547835
000007 0.5282051282051282
000008 0.854050464807437
000009 0.21287128712871287
000010 0.31388329979879276
000011 0.3974641675854465
000012 0.30964912280701756
000013 0.4263636363636364
000014 0.8305084745762712
000015 0.2095543958249699
000016 0.4956652845834904
000017 0.31670281995661603
000018 0.5865546218487395
000019 0.2652341244387428
000020 0.4732510288065844
000021 0.4230031948881789
000022 0.4273865944482058
000023 0.899862244357317
000024 0.16101694915254236
000025 0.22838709677419355
000026 0.30222675505694374
000027 0.2802197802197802
000028 0.45166279969064194
000029 0.4777209642074507
000030 0.46119402985074626
000031 0.17943696450428395
000032 0.5036407766990292
000033 0.23711796840395688
000034 0.5232876712328767
000035 0.43859649122807015
000036 0.37849462365591396
000037 0.5961783439490446
000038 0.6034090909090909
000039 0.6676040494938132
000040 0.42863720073664824
000041 0.2122905027932961
000042 0.41914191419141916
000043 0.17553191489361702
000044 0.5474981870920957
000045 0.38636363636363635
000046 0.38950276243093923
000047 0.48518518518518516
000048 0.3157894736842105
000049 0.25
000050 0.8378378378378378
000051 0.41393114491593275
000052 0.44490934449093444
000053 0.267384916748286
000054 0.53018619522287
000055 0.5206275421266705
000056 0.33157099697885195
000057 0.6268656716417911
000058 0.39473684210526316
000059 0.12574257425742574
000060 0.5212607790663099
000062 0.35714285714285715
000063 0.313180169286578
000064 0.22387295081967212
000065 0.4756606397774687
000066 0.21153846153846154
000067 0.3737310635639544
000068 0.4177947329559439
000069 0.33083870967741935
000070 0.37798546209761164
000071 0.2807017543859649
000072 0.44274432379072065
000073 0.37448559670781895
000074 0.23759276437847868
000075 0.24367873078829946
000076 0.1599552572706935
000077 0.10526315789473684
000078 0.2888
000079 0.4677127338563669
000080 0.5944444444444444
000081 0.26717557251908397
000082 0.4491471888818699
000083 0.4601226993865031
000084 0.5423728813559322
000085 0.5089751013317892
000086 0.5693135935397039
000087 0.5698965913443125
000088 0.16666666666666666
000089 0.6167832167832168
000090 0.20625465376023827
000091 0.13130434782608696
000092 0.28836424957841483
000093 0.5781119465329991
000094 0.5048025613660619
000095 0.27861319966583126
000096 0.21899529042386184
000097 0.40193736730360935
000098 0.48
000099 0.24855491329479767
000100 0.5547640249332146
000101 0.8148148148148148
000102 0.3704206241519674
000103 0.2462828821959588
000104 0.37860394537177544
000105 0.41935483870967744
000106 0.9078498293515358
000107 0.604202648244099
000108 0.28054448871181936
000109 0.5927240461401952
000110 0.44594594594594594
000111 0.23255813953488372
000112 0.3350473056355409
000113 0.39354187689202824
000114 0.2476894639556377
000115 0.1368421052631579
000116 0.26158940397350994
000117 0.7151720248166948
000118 0.36875
000119 0.42214285714285715
000120 0.4182590233545648
000121 0.7086834733893558
000122 0.3931909212283044
000123 0.6242707117852976
000124 0.7002444987775062
000125 0.720085980415572
000126 0.7626112759643917
000127 0.3395604395604396
000128 0.34782608695652173
000129 0.29888888888888887
000130 0.15017985611510792
000131 0.1964329947981174
000132 0.4630146545708304
000133 0.35513307984790876
000134 0.6115375092844764
000135 0.1479741632413388
000136 0.37640449438202245
000137 0.44591386910817227
000138 0.6371760500446828
000139 0.3435225618631732
000140 0.13513513513513514
000141 0.4820636839983877
000142 0.3641081671674406
000143 0.14705882352941177
000144 0.36698717948717946
000145 0.35344827586206895
000146 0.25
000147 0.33098591549295775
000148 0.15804597701149425
000149 0.3291005291005291
000150 0.31451612903225806
000151 0.34782608695652173
000152 0.3601134215500945
000153 0.29769736842105265
000154 0.33910533910533913
000155 0.37961877737338845
000156 0.7115041375953269
000157 0.058823529411764705
000158 0.18859649122807018
000159 0.31125049000392
000160 0.4496784806340661
000161 0.2229946524064171
000162 0.16580188679245284
000163 0.2860215053763441
000164 0.12631578947368421
000165 0.849908480780964
000166 0.43859649122807015
000167 0.38141809290953543
000168 0.28117359413202936
000169 0.2790284360189573
000170 0.1925947187141217
000171 0.22857142857142856
000172 0.2631578947368421
000173 0.4785714285714286
000174 0.2416235358213021
000175 0.3287671232876712
000176 0.4728682170542636
000177 0.5748031496062992
000178 0.41079226450405487
000179 0.3330152671755725
000180 0.4196755625327054
000181 0.12317784256559766
000182 0.22583180508252554
000183 0.21739130434782608
000184 0.48623853211009177
000185 0.596309963099631
000186 0.3103448275862069
000187 0.189718482252142
000188 0.24036458333333333
000189 0.7337509788566954
000190 0.49475797457060006
000191 0.3556531284302964
000192 0.29411764705882354
000193 0.3310344827586207
000194 0.4080267558528428
000195 0.6448648648648648
000196 0.5232489699823426
000197 0.4266666666666667
000198 0.23170731707317074
000199 0.153578049684835
000200 0.09523809523809523
000201 0.48128342245989303
000202 0.7708674304418985
000203 0.655830562738579
000204 0.23076923076923078
000205 0.7582567910885284
000206 0.41403334162727046
000207 0.7816091954022989
000208 0.4566744730679157
000209 0.5218306154655444
000210 0.17351416035101716
000211 0.4161640530759952
000212 0.44029850746268656
000213 0.344017094017094
000214 0.12206572769953052
000215 0.3800526189906721
000216 0.7676579925650557
000217 0.5599565925122083
000218 0.351555136663525
000219 0.2884235480047412
000220 0.4688
000221 0.4019607843137255
000222 0.4502529510961214
000223 0.3206586826347305
000224 0.3304140127388535
000225 0.6
000226 0.38478622987229316
000227 0.3235294117647059
000228 0.5602836879432624
000229 0.543613707165109
000230 0.4533106960950764
000231 0.3333333333333333
000232 0.25925925925925924
000233 0.5251135626216742
000234 0.3877118644067797
000235 0.36346948141349245
000236 0.6426829268292683
000237 0.34085121862495454
000238 0.3589607635206787
000239 0.31858823529411767
000241 0.8382352941176471
000242 0.679162072767365
000243 0.2798165137614679
000244 0.24472573839662448
000245 0.4343807763401109
000246 0.26956521739130435
000247 0.2916666666666667
000248 0.0
000249 0.586066408637197
000250 0.4170341146437689
000251 0.33005410723069356
000252 0.4490950226244344
000253 0.45
000254 0.38875305623471884
000255 0.6986140646769817
000256 0.5492468134414832
000257 0.18085106382978725
000258 0.5142857142857142
000259 0.6390924956369982
000260 0.6406035665294925
000261 0.3393895348837209
000262 0.11483571191503485
000263 0.1791044776119403
000264 0.3638241369135438
000265 0.6779874213836478
000266 0.4520408163265306
000267 0.34946449821499403
000268 0.25806451612903225
000269 0.19384902143522834
000270 0.4667590027700831
000271 0.2824449594438007
000272 0.14285714285714285
000273 0.5686922060766182
000274 0.7684754822217058
000275 0.6106194690265486
000276 0.5207907293796864
000277 0.49933774834437084
000278 0.3072961373390558
000279 0.19523443504996157
000280 0.7891878236705823
000281 0.24245142002989536
000282 0.625
000284 0.2952054794520548
000285 0.5016378100140384
000286 0.3333333333333333
000288 0.8927311220889202
000289 0.6592689295039165
000290 0.7320307048150733
000291 0.44375
000292 0.2727272727272727
000293 0.2927524957863348
000294 0.3096189714894751
000295 0.4826666666666667
000296 0.3175381263616558
000297 0.27102803738317754
000298 0.38842149104539775
000299 0.4552380952380952
000300 0.34422772799156565
000301 0.09090909090909091
000302 0.3903345724907063
