000001 0.6970033296337403
000002 0.9636444247395256
000003 0.9269992663242846
000004 0.6018957345971564
000005 0.9864222674813307
000006 0.9758620689655172
000007 0.9685863874345549
000008 0.9404682274247491
000009 0.6158536585365854
000010 0.8795180722891566
000011 0.9826524902070509
000012 0.8422955791438236
000013 0.7625806451612903
000014 0.9661016949152542
000015 0.9026785714285714
000016 0.9727095516569201
000017 0.8430034129692833
000018 0.9818696883852691
000019 0.9875938622265753
000020 0.9096916299559471
000021 0.7724028548770817
000022 0.9833707025411061
000023 0.9888309754281459
000024 0.9195402298850575
000025 0.8983568972105465
000026 0.9741970903101839
000027 0.8993055555555556
000028 0.9804839968774395
000029 0.9600874794969929
000030 0.5954946131243879
000031 0.9938438808175326
000032 0.6446644664466447
000033 0.8811145510835914
000034 0.986758214811182
000035 0.5775862068965517
000036 0.5071428571428571
000037 0.8605388272583201
000038 0.6520763187429854
000039 0.9713450292397661
000040 0.7530704589528119
000041 0.8768529076396807
000042 0.9933774834437086
000043 0.9946737683089214
000044 0.7419354838709677
000045 0.9318181818181818
000046 0.475177304964539
000047 0.8979591836734694
000048 0.9789473684210527
000049 1.0
000050 0.9771877337322363
000051 0.6789808917197452
000052 0.573734001112966
000053 0.9855233853006682
000054 0.9689140504374678
000055 0.6805555555555556
000056 0.9837793998377939
000057 0.9925373134328358
000058 0.9201773835920177
000059 0.9950298210735586
000060 0.9348837209302325
000062 0.9871194379391101
000063 0.9806295399515739
000064 0.9869191049913941
000065 0.536986301369863
000066 0.9615384615384616
000067 0.96139896373057
000068 0.9494017946161516
000069 0.926284751474305
000070 0.7674219752030782
000071 0.9787985865724381
000072 0.8071099407504937
000073 0.6863905325443787
000074 0.983060635226179
000075 0.9817732468334878
000076 0.9896755162241888
000077 1.0
000078 0.9853181076672104
000079 0.40875912408759124
000080 0.7678571428571429
000081 0.782608695652174
000082 0.6209944751381216
000083 0.6538952745849298
000084 0.9507537688442211
000085 0.6711590296495957
000086 0.6028537455410226
000087 0.6352201257861635
000088 0.9444444444444444
000089 0.9660750746034239
000090 0.9135338345864662
000091 0.9316770186335404
000092 0.7847826086956522
000093 0.727846200060078
000094 0.7760736196319018
000095 0.9807610089781958
000096 0.9889415481832543
000097 0.9763345434987226
000098 0.6875
000099 0.79739336492891
000100 0.5529411764705883
000101 0.9629629629629629
000102 0.4311111111111111
000103 0.9078404401650619
000104 0.9840182648401826
000105 0.7497556207233627
000106 0.9895470383275261
000107 0.35337423312883437
000108 0.8282828282828283
000109 0.9598214285714286
000110 0.7888888888888889
000111 0.9798136645962733
000112 0.8824959481361426
000113 0.9719133996489175
000114 0.8378995433789954
000115 1.0
000116 0.8006230529595015
000117 0.5459459459459459
000118 0.9862068965517241
000119 0.7926734216679657
000120 0.9825296995108316
000121 0.9801500847252481
000122 0.8010526315789473
000123 0.46484375
000124 0.949678800856531
000125 0.7806603773584906
000126 0.9783950617283951
000127 0.9834254143646409
000128 0.5889464594127807
000129 0.8948751642575559
000130 0.9703915950334289
000131 0.7930857874519847
000132 0.7986767485822306
000133 0.9790209790209791
000134 0.682755388940956
000135 0.9931801866475233
000136 0.9831460674157303
000137 0.8546672828096118
000138 0.4683734939759036
000139 0.9489795918367347
000140 0.972972972972973
000141 0.9155533148474918
000142 0.9743268628678773
000143 0.9705882352941176
000144 0.8948412698412699
000145 0.6666666666666666
000146 1.0
000147 0.9150537634408602
000148 0.7694610778443114
000149 0.8195536663124335
000150 1.0
000151 0.7295825771324864
000152 0.9769008662175168
000153 0.9936034115138592
000154 0.9787549407114624
000155 0.7767892976588628
000156 0.7138364779874213
000157 0.8787878787878788
000158 0.9956140350877193
000159 0.7660961695191524
000160 0.9525901519311734
000161 0.9324503311258279
000162 0.7706491538267239
000163 0.7824858757062146
000164 1.0
000165 0.9770968740328072
000166 0.9166666666666666
000167 0.5775577557755776
000168 0.8203389830508474
000169 0.9750415973377704
000170 0.9600262123197904
000171 0.5882352941176471
000172 0.9830677290836654
000173 0.9785714285714285
000174 0.9805555555555555
000175 0.9574468085106383
000176 0.9911504424778761
000177 0.8847736625514403
000178 0.6627288836385116
000179 0.9740634005763689
000180 0.9810357403355215
000181 0.9949537426408747
000182 0.9210097719869706
000183 0.9565217391304348
000184 0.981651376146789
000185 0.4291497975708502
000186 0.6265822784810127
000187 0.7742382271468145
000188 0.9872182980154726
000189 0.8052985702270816
000190 0.6229026845637584
000191 0.5698427382053654
000192 0.6666666666666666
000193 0.5795454545454546
000194 0.6117381489841986
000195 0.7410643367752184
000196 0.9906728847435043
000197 0.9733333333333334
000198 0.8974358974358975
000199 0.9259021445999743
000200 1.0
000201 0.648936170212766
000202 0.9678483099752679
000203 0.8939393939393939
000204 0.6153846153846154
000205 0.8762541806020067
000206 0.972264631043257
000207 0.8014705882352942
000208 0.890625
000209 0.7561663143058492
000210 0.9232293214462606
000211 0.4033970276008493
000212 0.673469387755102
000213 0.8982035928143712
000214 1.0
000215 0.8003237992444684
000216 0.7672413793103449
000217 0.7858805275407292
000218 0.5629370629370629
000219 0.9180765805877115
000220 0.9727520435967303
000221 0.7697841726618705
000222 0.9770839301059868
000223 0.9864958448753463
000224 0.9856115107913669
000225 0.7508417508417509
000226 0.9746397694524496
000227 0.6338797814207651
000228 0.9659498207885304
000229 0.7311827956989247
000230 0.7775330396475771
000231 1.0
000232 0.8554216867469879
000233 0.8772476284864789
000234 0.9719222462203023
000235 0.9697256385998108
000236 0.4634146341463415
000237 0.980126467931346
000238 0.5258215962441315
000239 0.909973521624007
000241 0.9846153846153847
000242 0.9662192393736018
000243 0.7513227513227513
000244 0.7647058823529411
000245 0.5589123867069486
000246 0.739612188365651
000247 0.36363636363636365
000248 1.0
000249 0.9739313984168866
000250 0.8076923076923077
000251 0.9801749271137026
000252 0.7667597765363129
000253 0.5492957746478874
000254 0.9471861471861471
000255 0.9677574977888558
000256 0.5581622678396871
000257 0.8765432098765432
000258 0.5119453924914675
000259 0.8905560458958517
000260 0.8090514569125853
000261 0.9817518248175182
000262 0.8827470686767169
000263 0.9947916666666666
000264 0.9994059994059994
000265 0.5851393188854489
000266 0.9805128205128205
000267 0.9815724815724816
000268 0.9366643209007741
000269 0.9713896457765667
000270 0.7977272727272727
000271 0.9883855981416957
000272 0.6666666666666666
000273 0.9861266816143498
000274 0.9701944629551099
000275 0.8670886075949367
000276 0.7455731593662628
000277 0.9858776059179556
000278 0.968103448275862
000279 0.9406451612903226
000280 0.9802919708029197
000281 0.9293933054393305
000282 0.5833333333333334
000284 0.9002473206924979
000285 0.9818370524130773
000286 0.6666666666666666
000288 0.9964689265536724
000289 0.7991718426501035
000290 0.9869997078586036
000291 0.7813953488372093
000292 0.8384615384615385
000293 0.9856367698691351
000294 0.9789569990850869
000295 0.6459770114942529
000296 0.8925680647534953
000297 0.8080808080808081
000298 0.9804618117229129
000299 0.5930735930735931
000300 0.9642857142857143
000301 1.0
000302 0.9771428571428571
