000001 0.34619883040935673
000002 0.36274727717270505
000003 0.681470695303968
000004 0.4016506189821183
000005 0.5717213114754098
000006 0.4771551724137931
000007 0.5384615384615384
000008 0.8540468227424749
000009 0.13846153846153847
000010 0.30994152046783624
000011 0.3981016192071469
000012 0.31154429788724175
000013 0.4306282722513089
000014 0.8305084745762712
000015 0.20915619389587073
000016 0.5052796245600313
000017 0.3152542372881356
000018 0.6001131221719457
000019 0.26370757180156656
000020 0.6586433260393874
000021 0.4513309495431069
000022 0.47059921597909277
000023 0.9018502764780945
000024 0.1536926147704591
000025 0.27265774378585084
000026 0.46472350858076816
000027 0.3333333333333333
000028 0.45582486317435494
000029 0.5245628642797668
000030 0.3304093567251462
000031 0.18004926108374383
000032 0.4312849162011173
000033 0.4519913553565915
000034 0.6467124631992149
000035 0.2872340425531915
000036 0.1890909090909091
000037 0.6671875
000038 0.5616591928251121
000039 0.6903225806451613
000040 0.4182288299935359
000041 0.2146118721461187
000042 0.4205298013245033
000043 0.18908122503328895
000044 0.5886243386243386
000045 0.38636363636363635
000046 0.2080536912751678
000047 0.49220103986135183
000048 0.3157894736842105
000049 0.19444444444444445
000050 0.8507853403141361
000051 0.32786885245901637
000052 0.3538633818589026
000053 0.29799107142857145
000054 0.5649357326478149
000055 0.5041128084606346
000056 0.3559870550161812
000057 0.6567164179104478
000058 0.3924611973392461
000059 0.12301587301587301
000060 0.538008067018306
000062 0.35714285714285715
000063 0.31234866828087166
000064 0.28453890983887553
000065 0.3095890410958904
000066 0.17307692307692307
000067 0.5771637122002086
000068 0.4170734760295406
000069 0.4695761644985313
000070 0.37181663837011886
000071 0.31095406360424027
000072 0.47319655857048315
000073 0.27586206896551724
000074 0.3872854914196568
000075 0.30759878419452885
000076 0.2015151515151515
000077 0.10526315789473684
000078 0.2938775510204082
000079 0.1381118881118881
000080 0.6242424242424243
000081 0.21428571428571427
000082 0.39823008849557523
000083 0.40816326530612246
000084 0.5374937091092099
000085 0.44761904761904764
000086 0.4393203883495146
000087 0.4880123743232792
000088 0.16666666666666666
000089 0.622033631934622
000090 0.3656716417910448
000091 0.18976545842217485
000092 0.3283898305084746
000093 0.5323741007194245
000094 0.4908256880733945
000095 0.2846746575342466
000096 0.20906200317965024
000097 0.4108537570697549
000098 0.5625
000099 0.21101992966002345
000100 0.44741235392320533
000101 0.8148148148148148
000102 0.2687224669603524
000103 0.625
000104 0.3691838291380625
000105 0.4496578690127077
000106 0.9090909090909091
000107 0.24301336573511542
000108 0.3223404255319149
000109 0.6071428571428571
000110 0.3250883392226148
000111 0.24186046511627907
000112 0.4495596477181745
000113 0.4460093896713615
000114 0.2579185520361991
000115 0.21008403361344538
000116 0.26504188880426505
000117 0.46408839779005523
000118 0.3958333333333333
000119 0.4375490966221524
000120 0.4793561931420574
000121 0.7265266714940865
000122 0.38253638253638256
000123 0.36363636363636365
000124 0.7508055853920516
000125 0.6351190476190476
000126 0.7757009345794392
000127 0.34033149171270716
000128 0.32752613240418116
000129 0.3944407677035076
000130 0.15598086124401914
000131 0.18998716302952504
000132 0.47479981158737633
000133 0.3631415241057543
000134 0.5641748942172073
000135 0.16918646508279336
000136 0.37359550561797755
000137 0.4755789956432011
000138 0.3003048780487805
000139 0.35912408759124087
000140 0.05405405405405406
000141 0.5389431505133985
000142 0.4083490269930948
000143 0.17647058823529413
000144 0.378698224852071
000145 0.29457364341085274
000146 0.34615384615384615
000147 0.42008456659619453
000148 0.14798206278026907
000149 0.38730293992330633
000150 0.28225806451612906
000151 0.36899365367180414
000152 0.35418671799807505
000153 0.3755274261603376
000154 0.35675408213755566
000155 0.3783910509746132
000156 0.5819209039548022
000157 0.0625
000158 0.18859649122807018
000159 0.32532051282051283
000160 0.5401138241233706
000161 0.27509778357235987
000162 0.15970640344216655
000163 0.2336182336182336
000164 0.1276595744680851
000165 0.8643805993203584
000166 0.5454545454545454
000167 0.32463295269168024
000168 0.31986531986531985
000169 0.3358208955223881
000170 0.2114508783344177
000171 0.2647058823529412
000172 0.25697211155378485
000173 0.4642857142857143
000174 0.26958667489204197
000175 0.32167832167832167
000176 0.48672566371681414
000177 0.6122448979591837
000178 0.35075075075075074
000179 0.32949087415946204
000180 0.44126752868329994
000181 0.13445378151260504
000182 0.42765273311897106
000183 0.08695652173913043
000184 0.48623853211009177
000185 0.3054989816700611
000186 0.2578616352201258
000187 0.17198335644937587
000188 0.30932346011443956
000189 0.7699747687132044
000190 0.35625
000191 0.22363636363636363
000192 0.28
000193 0.28888888888888886
000194 0.44545454545454544
000195 0.6329617834394905
000196 0.5992063492063492
000197 0.42
000198 0.23076923076923078
000199 0.20419454451878538
000200 0.09523809523809523
000201 0.3958333333333333
000202 0.7679012345679013
000203 0.6973210715713715
000204 0.15384615384615385
000205 0.8031232571109872
000206 0.4219108280254777
000207 0.7819548872180451
000208 0.4765217391304348
000209 0.5477707006369427
000210 0.19280078895463512
000211 0.2505399568034557
000212 0.3448275862068966
000213 0.41379310344827586
000214 0.1267605633802817
000215 0.5244444444444445
000216 0.6991525423728814
000217 0.628482972136223
000218 0.20418848167539266
000219 0.3027075011096316
000220 0.7750677506775068
000221 0.41454545454545455
000222 0.4513729977116705
000223 0.34676308539944906
000224 0.33413269384492406
000225 0.56
000226 0.40713053479010924
000227 0.26121076233183854
000228 0.553763440860215
000229 0.5263157894736842
000230 0.47300215982721383
000231 0.3333333333333333
000232 0.25443786982248523
000233 0.5143343741129719
000234 0.37851478010093725
000235 0.3827218934911243
000236 0.3096446700507614
000237 0.42370572207084467
000238 0.34137728075338436
000239 0.4859154929577465
000241 0.8431024274718768
000242 0.6827632461435278
000243 0.2760416666666667
000244 0.24242424242424243
000245 0.31347962382445144
000246 0.23160762942779292
000247 0.25
000248 0.0
000249 0.6040367748071436
000250 0.44070036339610175
000251 0.396011396011396
000252 0.45816186556927296
000253 0.375
000254 0.41385281385281386
000255 0.7600965406275141
000256 0.3996101364522417
000257 0.15584415584415584
000258 0.4357142857142857
000259 0.7786191536748329
000260 0.7238211879975506
000261 0.3355263157894737
000262 0.11588847833389318
000263 0.15263157894736842
000264 0.3637444279346211
000265 0.5122699386503068
000266 0.4594871794871795
000267 0.36165845648604267
000268 0.2603800140745954
000269 0.2674982674982675
000270 0.4088888888888889
000271 0.28534107402031933
000272 0.0
000273 0.6014015416958655
000274 0.7966666666666666
000275 0.61875
000276 0.5618604651162791
000277 0.49095780308104486
000278 0.32068965517241377
000279 0.2894736842105263
000280 0.9067722075637643
000281 0.3581780538302277
000282 0.6
000284 0.3256198347107438
000285 0.5471014492753623
000286 0.2857142857142857
000288 0.894774011299435
000289 0.6865979381443299
000290 0.7628926223520818
000291 0.4954954954954955
000292 0.25868725868725867
000293 0.3630420918367347
000294 0.3482088646023072
000295 0.4255813953488372
000296 0.3
000297 0.28
000298 0.4225840896956754
000299 0.3836734693877551
000300 0.38078500292911543
000301 0.09090909090909091
000302 0.37523809523809526
