000001 0.5041025641025642
000002 0.5403787416004887
000003 0.8854166666666666
000004 0.5593991807009558
000005 0.9810169491525423
000006 0.9734019734019734
000007 0.958974358974359
000008 0.9390438247011952
000009 0.5891089108910891
000010 0.7183098591549296
000011 0.9707828004410143
000012 0.8073464912280702
000013 0.6345454545454545
000014 0.9661016949152542
000015 0.8201525491770373
000016 0.9385601206181681
000017 0.8123644251626898
000018 0.973109243697479
000019 0.9708146247594612
000020 0.6378600823045267
000021 0.522555910543131
000022 0.8938727149627623
000023 0.9880258556744729
000024 0.884180790960452
000025 0.6487741935483871
000026 0.6212816590175081
000027 0.7335164835164835
000028 0.9706109822119103
000029 0.8483077672266861
000030 0.5960199004975124
000031 0.9877600979192166
000032 0.6061893203883495
000033 0.4413110881441016
000034 0.7976516634050881
000035 0.5852130325814536
000036 0.546236559139785
000037 0.7643312101910829
000038 0.6426136363636363
000039 0.937007874015748
000040 0.6574585635359116
000041 0.8569832402234637
000042 0.9933993399339934
000043 0.9933510638297872
000044 0.6337926033357505
000045 0.9318181818181818
000046 0.5193370165745856
000047 0.7728395061728395
000048 0.9789473684210527
000049 1.0
000050 0.968530174009626
000051 0.6285028022417934
000052 0.5659693165969316
000053 0.8658178256611165
000054 0.8981568553695694
000055 0.5880302149912842
000056 0.9199395770392749
000057 0.9925373134328358
000058 0.9122807017543859
000059 0.994059405940594
000060 0.8997918525126375
000062 0.9871194379391101
000063 0.9794437726723095
000064 0.7412909836065574
000065 0.5660639777468707
000066 0.9615384615384616
000067 0.6001874121505544
000068 0.9371154319468373
000069 0.6144516129032258
000070 0.6967808930425753
000071 0.9719298245614035
000072 0.6786771964461994
000073 0.6296296296296297
000074 0.5913729128014842
000075 0.8054040654437283
000076 0.7360178970917226
000077 1.0
000078 0.9656
000079 0.547978273989137
000080 0.7444444444444445
000081 0.42748091603053434
000082 0.574857864813645
000083 0.6211656441717791
000084 0.9431704885343968
000085 0.61667631731326
000086 0.6235980260206371
000087 0.6602834163155878
000088 0.9444444444444444
000089 0.9563325563325563
000090 0.4467609828741623
000091 0.43130434782608695
000092 0.657672849915683
000093 0.6820384294068504
000094 0.7161152614727855
000095 0.9578111946532999
000096 0.9764521193092621
000097 0.9633757961783439
000098 0.52
000099 0.7283236994219653
000100 0.6268922528940338
000101 0.9629629629629629
000102 0.4843962008141113
000103 0.3328250095310713
000104 0.9795144157814871
000105 0.6437886067261496
000106 0.9795221843003413
000107 0.6229130685089235
000108 0.5936254980079682
000109 0.9538598047914818
000110 0.704954954954955
000111 0.9798449612403101
000112 0.5625257095845331
000113 0.8425832492431887
000114 0.7393715341959335
000115 0.6263157894736842
000116 0.7251655629139073
000117 0.730400451212634
000118 0.8875
000119 0.75
000120 0.8544131028207461
000121 0.9526143790849673
000122 0.6588785046728972
000123 0.6546091015169195
000124 0.8811735941320293
000125 0.7680917124432768
000126 0.9317507418397626
000127 0.9791208791208791
000128 0.5666666666666667
000129 0.5655555555555556
000130 0.9136690647482014
000131 0.7758236314094624
000132 0.702721563154222
000133 0.9566539923954372
000134 0.6684822975984155
000135 0.812096300645919
000136 0.9831460674157303
000137 0.735334011529332
000138 0.6845397676496873
000139 0.9461426491994177
000140 0.972972972972973
000141 0.785167271261588
000142 0.8527724665391969
000143 0.9705882352941176
000144 0.7419871794871795
000145 0.4885057471264368
000146 0.9285714285714286
000147 0.62752880921895
000148 0.7528735632183908
000149 0.5471957671957672
000150 1.0
000151 0.6579710144927536
000152 0.9593572778827977
000153 0.7796052631578947
000154 0.9514189514189514
000155 0.7473320584788107
000156 0.7512575044621126
000157 0.8235294117647058
000158 0.9956140350877193
000159 0.5323402587220698
000160 0.7874981307013609
000161 0.7737967914438503
000162 0.7313679245283019
000163 0.6752688172043011
000164 0.9894736842105263
000165 0.9667480170835876
000166 0.6666666666666666
000167 0.5635696821515892
000168 0.6650366748166259
000169 0.7203791469194313
000170 0.8527554535017221
000171 0.5714285714285714
000172 0.9811320754716981
000173 0.9785714285714285
000174 0.8673385998365568
000175 0.9383561643835616
000176 0.8682170542635659
000177 0.8503937007874016
000178 0.5860885839051778
000179 0.9694656488549618
000180 0.9410430839002267
000181 0.8644314868804664
000182 0.39009693476552265
000183 0.9565217391304348
000184 0.981651376146789
000185 0.6450184501845019
000186 0.5615763546798029
000187 0.7172582619339045
000188 0.7666666666666667
000189 0.7674236491777604
000190 0.6437653357126923
000191 0.5658616904500549
000192 0.6176470588235294
000193 0.5448275862068965
000194 0.49498327759197325
000195 0.7140540540540541
000196 0.8846380223660977
000197 0.9733333333333334
000198 0.8658536585365854
000199 0.5693733778272154
000200 1.0
000201 0.5935828877005348
000202 0.9639934533551555
000203 0.8407831547838936
000204 0.6153846153846154
000205 0.8078952511237053
000206 0.9532221945757651
000207 0.8045977011494253
000208 0.8337236533957846
000209 0.6738558653340347
000210 0.7686477861986438
000211 0.5042219541616405
000212 0.5074626865671642
000213 0.6623931623931624
000214 1.0
000215 0.4967711073905764
000216 0.79182156133829
000217 0.6625067824199674
000218 0.5438265786993403
000219 0.8261556696957725
000220 0.5824
000221 0.738562091503268
000222 0.9609331084879146
000223 0.8622754491017964
000224 0.982484076433121
000225 0.6639175257731958
000226 0.9411438089950028
000227 0.5907563025210084
000228 0.9574468085106383
000229 0.6802959501557633
000230 0.7096774193548387
000231 1.0
000232 0.7883597883597884
000233 0.8526930564568462
000234 0.9519774011299436
000235 0.9414869206057824
000236 0.6865853658536586
000237 0.7890141869770826
000238 0.5265111346765642
000239 0.5510588235294117
000241 0.9823529411764705
000242 0.9572216097023153
000243 0.6926605504587156
000244 0.5548523206751055
000245 0.6081330868761553
000246 0.6717391304347826
000247 0.4166666666666667
000248 1.0
000249 0.9428600529639438
000250 0.6753307031793919
000251 0.8504672897196262
000252 0.7070135746606335
000253 0.5416666666666666
000254 0.8932355338223309
000255 0.8885385348683729
000256 0.6110467361915798
000257 0.723404255319149
000258 0.5961904761904762
000259 0.7329842931937173
000260 0.6731824417009602
000261 0.9774709302325582
000262 0.8738798539661466
000263 0.9402985074626866
000264 0.9923281203894955
000265 0.6880503144654088
000266 0.9755102040816327
000267 0.9492264974216581
000268 0.9333800841514727
000269 0.66309412861137
000270 0.703601108033241
000271 0.9863847045191193
000272 0.42857142857142855
000273 0.9343461030383091
000274 0.9324308621891704
000275 0.831858407079646
000276 0.6468984321745058
000277 0.9788079470198675
000278 0.9639484978540772
000279 0.6026133743274404
000280 0.8476695718075028
000281 0.5769805680119582
000282 0.8125
000284 0.7691780821917809
000285 0.8961160505381376
000286 0.4166666666666667
000288 0.9964714184897672
000289 0.7428198433420365
000290 0.9444521981856245
000291 0.65625
000292 0.7333333333333333
000293 0.8063010501750292
000294 0.8625099920063949
000295 0.6053333333333333
000296 0.7527233115468409
000297 0.7663551401869159
000298 0.9198667221990837
000299 0.5657142857142857
000300 0.8724301528729573
000301 1.0
000302 0.9553903345724907
