000001 0.5491841491841492
000002 0.6975884244372991
000003 0.9391592920353983
000004 0.6422764227642277
000005 0.9904043865661412
000006 0.9864923747276688
000007 0.9790575916230366
000008 0.9683862524967284
000009 0.7046263345195729
000010 0.8113207547169812
000011 0.9851665267282396
000012 0.8915097252238345
000013 0.7423076923076923
000014 0.9827586206896551
000015 0.899865891819401
000016 0.9682570593962999
000017 0.8959711365003007
000018 0.9863636363636363
000019 0.9851863910141625
000020 0.7591240875912408
000021 0.508421052631579
000022 0.9438222381507033
000023 0.9939607717385495
000024 0.9374682257244534
000025 0.7752270850536747
000026 0.7624733475479745
000027 0.8417618270799347
000028 0.9850746268656716
000029 0.9173849622066039
000030 0.6003937007874016
000031 0.9938423645320197
000032 0.6372275013974288
000033 0.6012644889357218
000034 0.8860480493718316
000035 0.6164542294322132
000036 0.5594989561586639
000037 0.8573631457208943
000038 0.6472237801458216
000039 0.967270601987142
000040 0.7579700715679896
000041 0.9229843561973526
000042 0.9966777408637874
000043 0.9966644429619747
000044 0.6876932591218305
000045 0.9647058823529412
000046 0.45962732919254656
000047 0.8489326765188834
000048 0.9893617021276596
000049 1.0
000050 0.98399548107701
000051 0.6971279373368147
000052 0.5729967069154775
000053 0.9279326670173593
000054 0.945657082643384
000055 0.6161342717920953
000056 0.9582348305752562
000057 0.9962546816479401
000058 0.9540229885057471
000059 0.9970178926441352
000060 0.9469875727544439
000062 0.9935179728933412
000063 0.9896151496640195
000064 0.8507242092817027
000065 0.5491329479768786
000066 0.9803921568627451
000067 0.7422472815142972
000068 0.9673919979580116
000069 0.7479757085020243
000070 0.8054198134162595
000071 0.9857651245551602
000072 0.7874632713026445
000073 0.725609756097561
000074 0.7411488173938593
000075 0.8917092012691406
000076 0.8469520103761349
000077 1.0
000078 0.9824989824989825
000079 0.3773898586866168
000080 0.847682119205298
000081 0.460431654676259
000082 0.6259032795997777
000083 0.675
000084 0.9707091469681398
000085 0.6002415458937198
000086 0.5402739726027397
000087 0.6531091122409073
000088 0.9714285714285714
000089 0.9776576290053272
000090 0.5702718334297282
000091 0.5714285714285714
000092 0.7847295864262991
000093 0.7177814029363785
000094 0.7921875
000095 0.9784372331340735
000096 0.9880857823669579
000097 0.9813210611802924
000098 0.6470588235294118
000099 0.8284671532846716
000100 0.616651418115279
000101 0.9811320754716981
000102 0.5103092783505154
000103 0.4369369369369369
000104 0.9896432681242808
000105 0.7493964268469339
000106 0.9895104895104895
000107 0.3017057569296375
000108 0.7173210161662817
000109 0.9763851044504995
000110 0.7656529516994633
000111 0.9898198903680501
000112 0.6740229885057472
000113 0.9140022050716649
000114 0.8417508417508418
000115 0.7702265372168284
000116 0.8349900596421471
000117 0.44930875576036866
000118 0.9403973509933775
000119 0.8520710059171598
000120 0.9212598425196851
000121 0.9755568934376881
000122 0.7508532423208191
000123 0.42857142857142855
000124 0.9357312880190426
000125 0.727934995797142
000126 0.9646697388632872
000127 0.9894385769872152
000128 0.6939611054247697
000129 0.6958776250972258
000130 0.9547596606974552
000131 0.8721931930518289
000132 0.7987718469532357
000133 0.9778468713563934
000134 0.6833766847954599
000135 0.8960701526469633
000136 0.9915014164305949
000137 0.8270360110803324
000138 0.464339908952959
000139 0.9723261032161555
000140 0.9863013698630136
000141 0.8728227153424004
000142 0.9201363164913321
000143 0.9850746268656716
000144 0.8493919550982226
000145 0.4943181818181818
000146 0.9629629629629629
000147 0.7480730925781588
000148 0.8571428571428571
000149 0.6429107902862389
000150 1.0
000151 0.7741626794258373
000152 0.9792571152918476
000153 0.8754646840148699
000154 0.9751047572097609
000155 0.850051252013472
000156 0.6432394693972538
000157 0.9032258064516129
000158 0.9978021978021978
000159 0.6177507209227812
000160 0.8795456471984403
000161 0.8711544319220226
000162 0.8423092897687942
000163 0.7814761215629522
000164 0.9947089947089947
000165 0.9830666459530837
000166 0.7912087912087912
000167 0.6628895184135978
000168 0.7814992025518341
000169 0.8334509527170078
000170 0.9199812821712682
000171 0.7272727272727273
000172 0.9904666332162569
000173 0.9891696750902527
000174 0.9288115772547874
000175 0.9681978798586572
000176 0.9294605809128631
000177 0.9191489361702128
000178 0.6279786935800392
000179 0.9844660194174757
000180 0.9695714800144041
000181 0.9271730618637432
000182 0.49544863459037713
000183 0.9777777777777777
000184 0.9907407407407407
000185 0.4649610678531702
000186 0.6877192982456141
000187 0.8279970215934475
000188 0.8674556213017751
000189 0.8657323688969258
000190 0.6524483133841131
000191 0.6158329286061195
000192 0.723404255319149
000193 0.6206896551724138
000194 0.5438066465256798
000195 0.7778244435111298
000196 0.9385964912280702
000197 0.9864864864864865
000198 0.9271523178807947
000199 0.7124535776182224
000200 1.0
000201 0.6161616161616161
000202 0.9816360601001669
000203 0.9121424203302303
000204 0.7619047619047619
000205 0.8647309756433191
000206 0.9759652262848376
000207 0.8089887640449438
000208 0.9062087186261559
000209 0.7750362844702468
000210 0.8658649398704903
000211 0.47509578544061304
000212 0.5147058823529411
000213 0.784741144414169
000214 1.0
000215 0.5768302493966211
000216 0.7606837606837606
000217 0.7629573170731707
000218 0.5701598579040853
000219 0.9037620297462817
000220 0.7328556806550666
000221 0.84251968503937
000222 0.9800602496055085
000223 0.9256625727213963
000224 0.9911575562700965
000225 0.7383627608346709
000226 0.9696622781911849
000227 0.6965732087227414
000228 0.9782214156079855
000229 0.7653615318662474
000230 0.8085106382978723
000231 1.0
000232 0.8780487804878049
000233 0.9158698391520272
000234 0.975397973950796
000235 0.9698189134808853
000236 0.42247191011235957
000237 0.8814875357580712
000238 0.6664176316772507
000239 0.6841059602649007
000241 0.9910607866507747
000242 0.9780592626102692
000243 0.8112676056338028
000244 0.6580226904376013
000245 0.6344827586206897
000246 0.7821067821067821
000247 0.4166666666666667
000248 1.0
000249 0.970459691432784
000250 0.777548099856893
000251 0.9188900747065102
000252 0.8113619810633649
000253 0.5925925925925926
000254 0.9435101336783096
000255 0.9405925115297429
000256 0.5327146171693735
000257 0.8354430379746836
000258 0.5859375
000259 0.8401253918495298
000260 0.7325287678922257
000261 0.9885987495402722
000262 0.9325762952448545
000263 0.9692307692307692
000264 0.996149289099526
000265 0.598705501618123
000266 0.987603305785124
000267 0.9739307535641548
000268 0.9655422560754443
000269 0.7947771785410161
000270 0.7708779443254818
000271 0.9931456905352195
000272 0.5
000273 0.9658817876021144
000274 0.9649455948397987
000275 0.9060955518945635
000276 0.756120527306968
000277 0.9892545332437878
000278 0.9816433566433567
000279 0.7439326399207529
000280 0.9172612513721186
000281 0.7171696981810913
000282 0.8235294117647058
000284 0.8658973338639077
000285 0.9447211155378487
000286 0.5333333333333333
000288 0.998231340643792
000289 0.796277145811789
000290 0.9713874910136593
000291 0.7587719298245614
000292 0.8314176245210728
000293 0.8922855082912762
000294 0.9259259259259259
000295 0.6525821596244131
000296 0.84366391184573
000297 0.8663101604278075
000298 0.9581702756761458
000299 0.5615384615384615
000300 0.9315223542727787
000301 1.0
000302 0.9771428571428571
