000001 0.35384615384615387
000002 0.20965180207697007
000003 0.6510416666666666
000004 0.42967683204369594
000005 0.5688135593220339
000006 0.477048477048477
000007 0.5384615384615384
000008 0.853253652058433
000009 0.2103960396039604
000010 0.32595573440643866
000011 0.3936052921719956
000012 0.3084429824561403
000013 0.4072727272727273
000014 0.8305084745762712
000015 0.19911682055399438
000016 0.4885035808518658
000017 0.306941431670282
000018 0.5949579831932773
000019 0.2594611930724824
000020 0.48010973936899864
000021 0.42083067092651755
000022 0.4290792146242383
000023 0.9013457666631345
000024 0.16101694915254236
000025 0.2270967741935484
000026 0.30341662417134113
000027 0.2857142857142857
000028 0.45166279969064194
000029 0.46627708789870953
000030 0.46119402985074626
000031 0.17894736842105263
000032 0.4945388349514563
000033 0.2362320980363207
000034 0.5268101761252446
000035 0.42105263157894735
000036 0.36989247311827955
000037 0.6
000038 0.5994318181818182
000039 0.6681664791901012
000040 0.4189686924493554
000041 0.2100558659217877
000042 0.42244224422442245
000043 0.18882978723404256
000044 0.5532994923857868
000045 0.38636363636363635
000046 0.4005524861878453
000047 0.48518518518518516
000048 0.3157894736842105
000049 0.19444444444444445
000050 0.8433913365420215
000051 0.40912730184147317
000052 0.4510460251046025
000053 0.26346718903036237
000054 0.528681587361294
000055 0.5066821615339918
000056 0.3338368580060423
000057 0.6567164179104478
000058 0.39035087719298245
000059 0.12376237623762376
000060 0.5203687184061849
000062 0.35714285714285715
000063 0.31197097944377267
000064 0.21670081967213115
000065 0.45897079276773295
000066 0.17307692307692307
000067 0.3702951741371232
000068 0.4143490031996062
000069 0.3310967741935484
000070 0.3724472135687089
000071 0.3087719298245614
000072 0.43632773938795655
000073 0.3374485596707819
000074 0.23666512059369202
000075 0.2550818046603867
000076 0.15436241610738255
000077 0.10526315789473684
000078 0.288
000079 0.4586602293301147
000080 0.6055555555555555
000081 0.25190839694656486
000082 0.44662034112444726
000083 0.473159509202454
000084 0.5338983050847458
000085 0.5193977996525767
000086 0.5648272768057425
000087 0.5821524320183837
000088 0.16666666666666666
000089 0.616006216006216
000090 0.22561429635145197
000091 0.12956521739130436
000092 0.2951096121416526
000093 0.5744360902255639
000094 0.5176093916755603
000095 0.2784043441938179
000096 0.206436420722135
000097 0.4061836518046709
000098 0.44
000099 0.24566473988439305
000100 0.5654496883348175
000101 0.8148148148148148
000102 0.3812754409769335
000103 0.2512390392680137
000104 0.36798179059180575
000105 0.426904598490048
000106 0.9010238907849829
000107 0.59902130109384
000108 0.2792164674634794
000109 0.6033717834960071
000110 0.43018018018018017
000111 0.24186046511627907
000112 0.34121760592348827
000113 0.3895055499495459
000114 0.25693160813308685
000115 0.13157894736842105
000116 0.26026490066225166
000117 0.7151720248166948
000118 0.35625
000119 0.4278571428571429
000120 0.4182590233545648
000121 0.7096171802054155
000122 0.39052069425901204
000123 0.6277712952158693
000124 0.6997555012224939
000125 0.7126821112968713
000126 0.7388724035608308
000127 0.3395604395604396
000128 0.34782608695652173
000129 0.28925925925925927
000130 0.14928057553956833
000131 0.1942036165469408
000132 0.46441032798325194
000133 0.35513307984790876
000134 0.6078237187422629
000135 0.14004697592483853
000136 0.37359550561797755
000137 0.45422177009155645
000138 0.6358355674709563
000139 0.35807860262008734
000140 0.05405405405405406
000141 0.48166062071745264
000142 0.36001092597650913
000143 0.17647058823529413
000144 0.32211538461538464
000145 0.34770114942528735
000146 0.32142857142857145
000147 0.3289372599231754
000148 0.15373563218390804
000149 0.33195767195767195
000150 0.28225806451612906
000151 0.36666666666666664
000152 0.34782608695652173
000153 0.29769736842105265
000154 0.3468013468013468
000155 0.37961877737338845
000156 0.7108551030342366
000157 0.058823529411764705
000158 0.18859649122807018
000159 0.31360250882007057
000160 0.4516225512187827
000161 0.23475935828877006
000162 0.16273584905660377
000163 0.2709677419354839
000164 0.12631578947368421
000165 0.8550945698596706
000166 0.42105263157894735
000167 0.37775061124694376
000168 0.2982885085574572
000169 0.26066350710900477
000170 0.1928817451205511
000171 0.2571428571428571
000172 0.2571996027805363
000173 0.4642857142857143
000174 0.2399891037864342
000175 0.3150684931506849
000176 0.4263565891472868
000177 0.5905511811023622
000178 0.4189020586400499
000179 0.3291984732824427
000180 0.424385138670853
000181 0.11807580174927114
000182 0.23002357872674875
000183 0.08695652173913043
000184 0.48623853211009177
000185 0.6014760147601476
000186 0.28078817733990147
000187 0.18849449204406366
000188 0.24244791666666668
000189 0.7345340642129993
000190 0.5001115324559446
000191 0.35290889132821074
000192 0.3235294117647059
000193 0.35172413793103446
000194 0.4124860646599777
000195 0.6432432432432432
000196 0.5361977633902295
000197 0.42
000198 0.23170731707317074
000199 0.153578049684835
000200 0.09523809523809523
000201 0.47058823529411764
000202 0.765139116202946
000203 0.6585395887206009
000204 0.15384615384615385
000205 0.7566933750244283
000206 0.41552625031102264
000207 0.789272030651341
000208 0.45823575331772054
000209 0.5192004208311415
000210 0.17790187475069805
000211 0.41978287092882993
000212 0.39552238805970147
000213 0.32905982905982906
000214 0.1267605633802817
000215 0.37957426453001675
000216 0.7676579925650557
000217 0.5599565925122083
000218 0.351555136663525
000219 0.2793362307388384
000220 0.4672
000221 0.4117647058823529
000222 0.44435075885328834
000223 0.3062874251497006
000224 0.3335987261146497
000225 0.5649484536082474
000226 0.393670183231538
000227 0.3168067226890756
000228 0.549645390070922
000229 0.5366043613707165
000230 0.4685908319185059
000231 0.3333333333333333
000232 0.25396825396825395
000233 0.5212199870214147
000234 0.3707627118644068
000235 0.372418540614961
000236 0.6463414634146342
000237 0.3437613677700982
000238 0.3610816542948038
000239 0.3247058823529412
000241 0.841764705882353
000242 0.6771775082690188
000243 0.27522935779816515
000244 0.2616033755274262
000245 0.45286506469500926
000246 0.2673913043478261
000247 0.3333333333333333
000248 0.0
000249 0.5864738235893258
000250 0.41749825945695057
000251 0.3453025086079685
000252 0.45475113122171945
000253 0.43333333333333335
000254 0.39119804400978
000255 0.6989807142333357
000256 0.5477018153727308
000257 0.14893617021276595
000258 0.5428571428571428
000259 0.6415357766143106
000260 0.6310013717421125
000261 0.33430232558139533
000262 0.11616329239960173
000263 0.14427860696517414
000264 0.3611684862791384
000265 0.6654088050314465
000266 0.45714285714285713
000267 0.3502578341927806
000268 0.2594670406732118
000269 0.19058713886300094
000270 0.4598337950138504
000271 0.28476245654692933
000272 0.14285714285714285
000273 0.5718626155878468
000274 0.7661515221938182
000275 0.6047197640117994
000276 0.5112474437627812
000277 0.48874172185430464
000278 0.31931330472103003
000279 0.20292083013066872
000280 0.7846406467096122
000281 0.24753363228699551
000282 0.75
000284 0.29383561643835615
000285 0.5030416471689284
000286 0.25
000288 0.89484827099506
000289 0.674934725848564
000290 0.7303558967201674
000291 0.459375
000292 0.2787878787878788
000293 0.29923505769480097
000294 0.30881961097788435
000295 0.4786666666666667
000296 0.3093681917211329
000297 0.27102803738317754
000298 0.397667638483965
000299 0.4666666666666667
000300 0.3473906167633105
000301 0.09090909090909091
000302 0.3680297397769517
