000001 0.6888888888888889
000002 0.9644365414536563
000003 0.9271933017837641
000004 0.5976616231086658
000005 0.9870218579234973
000006 0.9758620689655172
000007 0.958974358974359
000008 0.9404682274247491
000009 0.6092307692307692
000010 0.8801169590643275
000011 0.9826912339475153
000012 0.8426520368857243
000013 0.7578534031413613
000014 0.9661016949152542
000015 0.9035008976660682
000016 0.9722330856472429
000017 0.8418079096045198
000018 0.9819004524886877
000019 0.987597911227154
000020 0.9102844638949672
000021 0.767580452920143
000022 0.983199551988053
000023 0.9888345384942577
000024 0.9201596806387226
000025 0.8975143403441682
000026 0.9741214927812585
000027 0.9052631578947369
000028 0.980453479280688
000029 0.9600333055786844
000030 0.594541910331384
000031 0.9938423645320197
000032 0.6368715083798883
000033 0.8808274158690954
000034 0.9862610402355251
000035 0.5659574468085107
000036 0.48727272727272725
000037 0.86875
000038 0.6468609865470852
000039 0.9706744868035191
000040 0.7530704589528119
000041 0.8755707762557078
000042 0.9933774834437086
000043 0.9946737683089214
000044 0.7354497354497355
000045 0.9318181818181818
000046 0.4966442953020134
000047 0.8960138648180243
000048 0.9789473684210527
000049 1.0
000050 0.9771877337322363
000051 0.6733921815889029
000052 0.5845464725643897
000053 0.984375
000054 0.9689460154241645
000055 0.6686251468860165
000056 0.9838187702265372
000057 0.9925373134328358
000058 0.9201773835920177
000059 0.9950396825396826
000060 0.9339125038783742
000062 0.9871194379391101
000063 0.9806295399515739
000064 0.9866300994172095
000065 0.5205479452054794
000066 0.9615384615384616
000067 0.9608967674661105
000068 0.9488046063337089
000069 0.9303399076793957
000070 0.7695246179966044
000071 0.9787985865724381
000072 0.7981469225678358
000073 0.6839080459770115
000074 0.983814352574103
000075 0.982370820668693
000076 0.9893939393939394
000077 1.0
000078 0.9853061224489796
000079 0.3968531468531469
000080 0.7757575757575758
000081 0.7619047619047619
000082 0.6227876106194691
000083 0.6543367346938775
000084 0.9506794162053347
000085 0.6761904761904762
000086 0.5983009708737864
000087 0.645784996133024
000088 0.9444444444444444
000089 0.9662109068049662
000090 0.9197761194029851
000091 0.929637526652452
000092 0.7838983050847458
000093 0.7254196642685852
000094 0.7752293577981652
000095 0.9809503424657534
000096 0.9888712241653418
000097 0.9762994882844062
000098 0.6875
000099 0.798358733880422
000100 0.5626043405676127
000101 0.9629629629629629
000102 0.43612334801762115
000103 0.9126344086021505
000104 0.9839816933638444
000105 0.7585532746823069
000106 0.9895104895104895
000107 0.34386391251518833
000108 0.826063829787234
000109 0.9598214285714286
000110 0.7561837455830389
000111 0.9798449612403101
000112 0.8803042433947158
000113 0.9730046948356808
000114 0.8484162895927602
000115 1.0
000116 0.7996953541507997
000117 0.5386740331491713
000118 0.9861111111111112
000119 0.7918303220738413
000120 0.9825052484254724
000121 0.9777938691769249
000122 0.8004158004158004
000123 0.45867768595041325
000124 0.9500537056928035
000125 0.7732142857142857
000126 0.9781931464174455
000127 0.9834254143646409
000128 0.5905923344947736
000129 0.8881535407015222
000130 0.969377990430622
000131 0.7928112965340179
000132 0.796514366462553
000133 0.9782270606531882
000134 0.6793606017865539
000135 0.9931605471562275
000136 0.9831460674157303
000137 0.8557670259114882
000138 0.46646341463414637
000139 0.948905109489051
000140 0.972972972972973
000141 0.9161031805659905
000142 0.9745762711864406
000143 0.9705882352941176
000144 0.8954635108481263
000145 0.6744186046511628
000146 1.0
000147 0.913107822410148
000148 0.7713004484304933
000149 0.8206220707285897
000150 1.0
000151 0.7334542157751587
000152 0.9769008662175168
000153 0.9936708860759493
000154 0.9787234042553191
000155 0.7776810235112868
000156 0.7098099640472522
000157 0.875
000158 0.9956140350877193
000159 0.7724358974358975
000160 0.9524508903983845
000161 0.9322033898305084
000162 0.7699316628701595
000163 0.7692307692307693
000164 1.0
000165 0.9774482545566883
000166 0.8925619834710744
000167 0.5725938009787929
000168 0.8249158249158249
000169 0.9792703150912107
000170 0.9593363695510735
000171 0.5882352941176471
000172 0.9830677290836654
000173 0.9785714285714285
000174 0.9799506477483035
000175 0.958041958041958
000176 0.9911504424778761
000177 0.8816326530612245
000178 0.6726726726726727
000179 0.9740634005763689
000180 0.9806956838462939
000181 0.9949579831932773
000182 0.9188102893890675
000183 0.9565217391304348
000184 0.981651376146789
000185 0.4256619144602851
000186 0.6163522012578616
000187 0.7711511789181692
000188 0.9868731066980815
000189 0.8052985702270816
000190 0.6245833333333334
000191 0.5763636363636364
000192 0.68
000193 0.6
000194 0.6136363636363636
000195 0.7372611464968153
000196 0.9907407407407407
000197 0.9733333333333334
000198 0.8974358974358975
000199 0.9256304683479156
000200 1.0
000201 0.6354166666666666
000202 0.9679012345679012
000203 0.8945755031320805
000204 0.6153846153846154
000205 0.8761851645287229
000206 0.9724840764331211
000207 0.8120300751879699
000208 0.8947826086956522
000209 0.7558386411889597
000210 0.9230769230769231
000211 0.4017278617710583
000212 0.603448275862069
000213 0.9028213166144201
000214 1.0
000215 0.7966666666666666
000216 0.7542372881355932
000217 0.7747678018575851
000218 0.5602094240837696
000219 0.9169995561473591
000220 0.9701897018970189
000221 0.7781818181818182
000222 0.977116704805492
000223 0.9862258953168044
000224 0.9856115107913669
000225 0.7076923076923077
000226 0.9741230592294422
000227 0.6266816143497758
000228 0.9659498207885304
000229 0.7265328269126424
000230 0.7796976241900648
000231 1.0
000232 0.8520710059171598
000233 0.8768095373261425
000234 0.9718817591925017
000235 0.9697041420118343
000236 0.47715736040609136
000237 0.9795640326975477
000238 0.5250147145379636
000239 0.909330985915493
000241 0.9846062759029012
000242 0.9666890230270512
000243 0.75
000244 0.7689393939393939
000245 0.5768025078369906
000246 0.7384196185286104
000247 0.4166666666666667
000248 1.0
000249 0.9737926661735179
000250 0.8077304261645193
000251 0.9811965811965812
000252 0.7640603566529492
000253 0.5555555555555556
000254 0.9471861471861471
000255 0.9680611423974256
000256 0.5594541910331384
000257 0.8571428571428571
000258 0.5357142857142857
000259 0.8953229398663697
000260 0.7991426821800367
000261 0.9824561403508771
000262 0.8827678871346993
000263 0.9947368421052631
000264 0.999405646359584
000265 0.5674846625766872
000266 0.9805128205128205
000267 0.9815270935960592
000268 0.9366643209007741
000269 0.9702009702009702
000270 0.8
000271 0.988388969521045
000272 0.6666666666666666
000273 0.9859845830413455
000274 0.9701212121212122
000275 0.859375
000276 0.7469767441860465
000277 0.9866041527126591
000278 0.968103448275862
000279 0.9411027568922306
000280 0.9799179126355907
000281 0.9285714285714286
000282 0.7
000284 0.8991735537190083
000285 0.9818840579710145
000286 0.5714285714285714
000288 0.9964689265536724
000289 0.7938144329896907
000290 0.9869978086194302
000291 0.7792792792792793
000292 0.8378378378378378
000293 0.9866071428571429
000294 0.9790528233151184
000295 0.6465116279069767
000296 0.8941605839416058
000297 0.81
000298 0.9804235629115501
000299 0.5959183673469388
000300 0.9642647920328061
000301 1.0
000302 0.9771428571428571
