000001 0.4565891472868217
000002 0.5464047349200353
000003 0.9514381770638775
000004 0.6940894568690096
000005 0.9938101788170564
000006 0.9973568281938326
000007 1.0
000008 0.9980124929017604
000009 0.8354430379746836
000010 0.7525
000011 0.9876543209876543
000012 0.9463817514420556
000013 0.7273869346733668
000014 1.0
000015 0.896260017809439
000016 0.9643134212567882
000017 0.9575835475578406
000018 0.9908675799086758
000019 0.9827866190321533
000020 0.651017214397496
000021 0.38009049773755654
000022 0.9074776016540317
000023 0.9991404319329537
000024 0.9554404145077721
000025 0.6822674418604651
000026 0.626379400945875
000027 0.7865853658536586
000028 0.98973954222573
000029 0.8783646521076689
000030 0.6063618290258449
000031 0.9938423645320197
000032 0.6375838926174496
000033 0.45640697488401855
000034 0.8043217286914766
000035 0.6768447837150128
000036 0.6568627450980392
000037 0.8462709284627092
000038 0.6475869809203143
000039 0.9638905066977286
000040 0.7629338572364113
000041 0.9758269720101781
000042 1.0
000043 0.9986631016042781
000044 0.645760743321719
000045 1.0
000046 0.4277456647398844
000047 0.8065522620904836
000048 1.0
000049 1.0
000050 0.9908987485779295
000051 0.7225981055480379
000052 0.5618945102260495
000053 0.8776119402985074
000054 0.9234613876911015
000055 0.571285140562249
000056 0.9339477726574501
000057 1.0
000058 0.9904534606205251
000059 0.999003984063745
000060 0.9604339502233568
000062 1.0
000063 0.998766954377312
000064 0.7477266822551312
000065 0.581039755351682
000066 1.0
000067 0.6046587926509186
000068 0.9867222077583963
000069 0.6253878702397744
000070 0.8448275862068966
000071 0.992831541218638
000072 0.7770618556701031
000073 0.7727272727272727
000074 0.5945086024039594
000075 0.8163677696387976
000076 0.7403628117913832
000077 1.0
000078 0.9797077922077922
000079 0.35974643423137875
000080 0.9343065693430657
000081 0.32989690721649484
000082 0.6290502793296089
000083 0.6970108695652174
000084 0.9916010498687664
000085 0.5396308360477742
000086 0.4925074925074925
000087 0.6606012658227848
000088 1.0
000089 0.9893788220148053
000090 0.413243922883487
000091 0.41248817407757804
000092 0.7855626326963907
000093 0.7103023187555034
000094 0.8099041533546326
000095 0.9759369676320273
000096 0.9873015873015873
000097 0.9863945578231292
000098 0.6111111111111112
000099 0.8609355246523388
000100 0.6821862348178138
000101 1.0
000102 0.6149068322981367
000103 0.28722504230118445
000104 0.9953703703703703
000105 0.7404580152671756
000106 0.9895104895104895
000107 0.26875593542260207
000108 0.6338775510204082
000109 0.9935304990757856
000110 0.7753623188405797
000111 1.0
000112 0.5460640675440774
000113 0.8617463617463618
000114 0.8351893095768375
000115 0.6263157894736842
000116 0.8735440931780366
000117 0.38537549407114624
000118 0.8987341772151899
000119 0.9222323879231473
000120 0.8672019765287214
000121 0.9733301297453147
000122 0.7070707070707071
000123 0.40217391304347827
000124 0.9218342886920271
000125 0.6876654314452091
000126 0.9515151515151515
000127 0.9955257270693513
000128 0.8411910669975186
000129 0.5720375106564365
000130 0.9405756731662024
000131 0.9692404268675455
000132 0.8010421601136902
000133 0.9774669774669774
000134 0.6874405328258801
000135 0.8162721893491124
000136 1.0
000137 0.8001715265866209
000138 0.4622356495468278
000139 0.9969325153374233
000140 1.0
000141 0.8334472544998861
000142 0.8714566376648891
000143 1.0
000144 0.8078291814946619
000145 0.3901345291479821
000146 0.9285714285714286
000147 0.633563150946164
000148 0.9644859813084112
000149 0.5284675538482645
000150 1.0
000151 0.8196555217831814
000152 0.9816247582205029
000153 0.782392026578073
000154 0.9715127701375246
000155 0.9372729474449019
000156 0.5880851063829787
000157 0.9333333333333333
000158 1.0
000159 0.5146823278163374
000160 0.817007874015748
000161 0.8176100628930818
000162 0.9297066014669927
000163 0.7941176470588235
000164 0.9894736842105263
000165 0.98875
000166 0.7105263157894737
000167 0.7869955156950673
000168 0.7424242424242424
000169 0.7254299754299754
000170 0.8837278993107581
000171 0.9523809523809523
000172 0.9979777553083923
000173 1.0
000174 0.882745207001945
000175 0.9785714285714285
000176 0.875
000177 0.96
000178 0.5888538380651945
000179 0.9950932286555446
000180 0.9586968132455047
000181 0.8680351906158358
000182 0.33916913946587535
000183 1.0
000184 1.0
000185 0.5122549019607843
000186 0.7777777777777778
000187 0.8938906752411575
000188 0.7738189495909211
000189 0.9359726295210166
000190 0.6829157175398634
000191 0.6611053180396246
000192 0.7727272727272727
000193 0.6428571428571429
000194 0.488245931283906
000195 0.8231111111111111
000196 0.8916666666666667
000197 1.0
000198 0.958904109589041
000199 0.5790871770103839
000200 1.0
000201 0.5980392156862745
000202 0.995766299745978
000203 0.9304130856667591
000204 1.0
000205 0.8535723988046726
000206 0.9794713882473698
000207 0.8059701492537313
000208 0.9179304192685103
000209 0.7952345495160089
000210 0.8153310104529616
000211 0.58125
000212 0.44871794871794873
000213 0.6939759036144578
000214 1.0
000215 0.4520807061790668
000216 0.7672413793103449
000217 0.7515015015015015
000218 0.5804701627486437
000219 0.8909012505390255
000220 0.5888157894736842
000221 0.9184549356223176
000222 0.9830215827338129
000223 0.8721071863580999
000224 0.9967663702506063
000225 0.7718120805369127
000226 0.9652421652421652
000227 0.7840112201963534
000228 0.9908088235294118
000229 0.8085748792270532
000230 0.8395348837209302
000231 1.0
000232 0.9056603773584906
000233 0.9585725368502716
000234 0.9789397240377633
000235 0.9699337121212122
000236 0.3790322580645161
000237 0.8012630014858841
000238 0.9120654396728016
000239 0.5483014861995754
000241 0.9976004799040192
000242 0.98970016021973
000243 0.8834355828220859
000244 0.5750708215297451
000245 0.7049808429118773
000246 0.8312883435582822
000247 0.4166666666666667
000248 1.0
000249 0.9671494542401343
000250 0.7495401594114041
000251 0.8640240842950326
000252 0.8649068322981367
000253 0.6349206349206349
000254 0.9398625429553265
000255 0.914639708117969
000256 0.508414526129318
000257 0.8148148148148148
000258 0.646551724137931
000259 0.7913385826771654
000260 0.6761658031088082
000261 0.9948186528497409
000262 0.9883414817600602
000263 0.945
000264 0.9929140832595217
000265 0.6335616438356164
000266 0.9947970863683663
000267 0.9664510913500404
000268 0.9962574850299402
000269 0.6730769230769231
000270 0.743801652892562
000271 0.9979484173505275
000272 0.4
000273 0.9465823466092572
000274 0.9598249085566949
000275 0.9581881533101045
000276 0.765490943755958
000277 0.9919191919191919
000278 0.9955673758865248
000279 0.6150696150696151
000280 0.8621356719112716
000281 0.5841745359817649
000282 1.0
000284 0.8349961627014582
000285 0.9102687140115163
000286 0.5
000288 1.0
000289 0.7987551867219918
000290 0.9562632696390658
000291 0.7393162393162394
000292 0.8250950570342205
000293 0.8144248486443801
000294 0.8782679738562091
000295 0.6587677725118484
000296 0.7985658409387223
000297 0.9310344827586207
000298 0.9369047619047619
000299 0.5309090909090909
000300 0.9009304871373837
000301 1.0
000302 0.9771428571428571
