000001 0.7517948717948718
000002 0.8018326206475259
000003 0.8006944444444445
000004 0.6913973600364133
000005 0.8264406779661017
000006 0.8090948090948091
000007 0.8
000008 0.902788844621514
000009 0.46534653465346537
000010 0.778672032193159
000011 0.772877618522602
000012 0.7758771929824562
000013 0.7636363636363637
000014 0.9661016949152542
000015 0.6407065435568045
000016 0.7761025254428948
000017 0.6279826464208242
000018 0.9070028011204482
000019 0.6404746632456703
000020 0.8381344307270233
000021 0.9086261980830671
000022 0.8793161814488829
000023 0.9590971707110311
000024 0.6760828625235404
000025 0.8369032258064516
000026 0.9197688254292028
000027 0.6263736263736264
000028 0.7262180974477959
000029 0.8122717311906501
000030 0.7442786069651741
000031 0.8046511627906977
000032 0.7851941747572816
000033 0.8640188985678429
000034 0.9174168297455969
000035 0.6704260651629073
000036 0.6064516129032258
000037 0.8471337579617835
000038 0.8130681818181819
000039 0.905511811023622
000040 0.7578268876611418
000041 0.6111731843575419
000042 0.8085808580858086
000043 0.7686170212765957
000044 0.8390137781000725
000045 0.75
000046 0.7651933701657458
000047 0.828395061728395
000048 0.8842105263157894
000049 0.6111111111111112
000050 0.9370603480192521
000051 0.6893514811849479
000052 0.7483960948396094
000053 0.8462291870714985
000054 0.8501034417904834
000055 0.8146426496223126
000056 0.8799093655589124
000057 0.8805970149253731
000058 0.7412280701754386
000059 0.6554455445544555
000060 0.8935474278917633
000062 0.7775175644028103
000063 0.6856106408706167
000064 0.829405737704918
000065 0.7232267037552156
000066 0.6346153846153846
000067 0.9542401999062939
000068 0.7680285503322668
000069 0.8588387096774194
000070 0.7102803738317757
000071 0.6701754385964912
000072 0.7847976307996052
000073 0.6296296296296297
000074 0.9089749536178108
000075 0.8180466038671294
000076 0.7550335570469798
000077 0.7631578947368421
000078 0.6272
000079 0.7815328907664454
000080 0.7555555555555555
000081 0.9083969465648855
000082 0.7504737839545167
000083 0.754601226993865
000084 0.7612163509471586
000085 0.8390272148233932
000086 0.8362494392104083
000087 0.8065875143623132
000088 0.3888888888888889
000089 0.9053613053613053
000090 0.8562918838421445
000091 0.9156521739130434
000092 0.7015177065767285
000093 0.8011695906432749
000094 0.7662753468516542
000095 0.7128237259816207
000096 0.7919937205651492
000097 0.7815817409766455
000098 0.76
000099 0.6146435452793835
000100 0.7577916295636687
000101 0.9629629629629629
000102 0.6187245590230664
000103 0.9527258863896302
000104 0.7928679817905918
000105 0.8009608785175018
000106 0.9658703071672355
000107 0.837363270005757
000108 0.8144090305444888
000109 0.8571428571428571
000110 0.7995495495495496
000111 0.6666666666666666
000112 0.9095022624434389
000113 0.7734611503531786
000114 0.7781885397412199
000115 0.9736842105263158
000116 0.7006622516556291
000117 0.8984771573604061
000118 0.70625
000119 0.7728571428571429
000120 0.9360024264482864
000121 0.90406162464986
000122 0.7443257676902537
000123 0.8366394399066511
000124 0.8821515892420538
000125 0.8834487700023883
000126 0.8724035608308606
000127 0.721978021978022
000128 0.6391304347826087
000129 0.8603703703703703
000130 0.710431654676259
000131 0.3876641070101561
000132 0.7913468248429868
000133 0.7551330798479088
000134 0.8049022035157217
000135 0.8655314151497357
000136 0.7078651685393258
000137 0.8099355713801288
000138 0.8306523681858803
000139 0.7263464337700145
000140 0.5675675675675675
000141 0.8694074969770254
000142 0.8027861240098334
000143 0.5882352941176471
000144 0.657051282051282
000145 0.8563218390804598
000146 0.9285714285714286
000147 0.8656850192061459
000148 0.5718390804597702
000149 0.8798941798941798
000150 0.8145161290322581
000151 0.5898550724637681
000152 0.7013232514177694
000153 0.8914473684210527
000154 0.7825877825877826
000155 0.6028622540250447
000156 0.8940451079019958
000157 0.20588235294117646
000158 0.631578947368421
000159 0.8251666013328106
000160 0.7335127860026918
000161 0.8288770053475936
000162 0.3742924528301887
000163 0.6559139784946236
000164 0.6947368421052632
000165 0.9417327638804149
000166 0.8011695906432749
000167 0.6418092909535452
000168 0.6454767726161369
000169 0.7938388625592417
000170 0.7365097588978186
000171 0.45714285714285713
000172 0.6564051638530288
000173 0.8214285714285714
000174 0.7997820757286843
000175 0.773972602739726
000176 0.7984496124031008
000177 0.7637795275590551
000178 0.7981908920773549
000179 0.6603053435114504
000180 0.8098726670155242
000181 0.9322157434402333
000182 0.9386953104532355
000183 0.782608695652174
000184 0.908256880733945
000185 0.7793357933579336
000186 0.5369458128078818
000187 0.591187270501836
000188 0.7966145833333333
000189 0.8116679718089271
000190 0.7454829355342405
000191 0.6635565312843029
000192 0.6176470588235294
000193 0.7103448275862069
000194 0.7971014492753623
000195 0.7691891891891892
000196 0.8446144791053561
000197 0.7733333333333333
000198 0.6829268292682927
000199 0.7503151649981461
000200 0.5714285714285714
000201 0.7647058823529411
000202 0.9091653027823241
000203 0.8692279275951238
000204 0.46153846153846156
000205 0.8786398280242329
000206 0.7810400597163474
000207 0.896551724137931
000208 0.8329430132708822
000209 0.7690689110994213
000210 0.8548065416832868
000211 0.6200241254523522
000212 0.7985074626865671
000213 0.8525641025641025
000214 0.5211267605633803
000215 0.8899784740492706
000216 0.8828996282527881
000217 0.7835051546391752
000218 0.6908576814326107
000219 0.6740418806795733
000220 0.9248
000221 0.7091503267973857
000222 0.7518268690275436
000223 0.7949101796407185
000224 0.9402866242038217
000225 0.7587628865979381
000226 0.8028872848417545
000227 0.5865546218487395
000228 0.774822695035461
000229 0.7316978193146417
000230 0.7521222410865874
000231 1.0
000232 0.746031746031746
000233 0.7017521090201168
000234 0.6588983050847458
000235 0.7023864157870583
000236 0.8597560975609756
000237 0.9701709712622771
000238 0.5588547189819725
000239 0.9176470588235294
000241 0.9705882352941176
000242 0.8778390297684675
000243 0.6192660550458715
000244 0.7383966244725738
000245 0.7412199630314233
000246 0.6847826086956522
000247 0.7083333333333334
000248 0.2
000249 0.892544306376044
000250 0.7758180552332328
000251 0.8317757009345794
000252 0.7149321266968326
000253 0.7
000254 0.7677261613691931
000255 0.9374495856860013
000256 0.8080339899575125
000257 0.6702127659574468
000258 0.7390476190476191
000259 0.899825479930192
000260 0.8717421124828533
000261 0.8059593023255814
000262 0.15466312645204117
000263 0.8805970149253731
000264 0.8253172027146651
000265 0.8138364779874214
000266 0.8005102040816326
000267 0.777865926219754
000268 0.6220196353436185
000269 0.8839701770736254
000270 0.7479224376731302
000271 0.6738122827346466
000272 0.7142857142857143
000273 0.8553500660501981
000274 0.8951894027422729
000275 0.7433628318584071
000276 0.7580095432856169
000277 0.8437086092715231
000278 0.6446351931330472
000279 0.8332052267486548
000280 0.9619805481874447
000281 0.9028400597907325
000282 0.8125
000284 0.7664383561643836
000285 0.8685072531586336
000286 0.75
000288 0.9795342272406493
000289 0.8315926892950392
000290 0.9553384508025122
000291 0.81875
000292 0.6818181818181818
000293 0.8314533903798781
000294 0.8526512123634425
000295 0.7746666666666666
000296 0.7990196078431373
000297 0.7289719626168224
000298 0.817326114119117
000299 0.7657142857142857
000300 0.7042698998418555
000301 0.36363636363636365
000302 0.8048327137546468
