000001 0.4527872582480091
000002 0.5492204899777283
000003 0.7462632154575283
000004 0.4823848238482385
000005 0.7309782608695652
000006 0.7383620689655173
000007 0.6927083333333334
000008 0.8878779769868879
000009 0.32098765432098764
000010 0.4316109422492401
000011 0.6513710128707331
000012 0.5182891200186981
000013 0.5632333767926988
000014 0.9152542372881356
000015 0.39693969396939693
000016 0.7849041845913179
000017 0.5202702702702703
000018 0.8511601584606678
000019 0.46955389124063823
000020 0.75054704595186
000021 0.5791551519936834
000022 0.7708059365019726
000023 0.9388232790722417
000024 0.2845691382765531
000025 0.4772638942868247
000026 0.6799557032115172
000027 0.573943661971831
000028 0.7032106499608457
000029 0.7262399556663895
000030 0.41699604743083
000031 0.3450652227418164
000032 0.5038845726970034
000033 0.6511775938892426
000034 0.8431851489985345
000035 0.3463203463203463
000036 0.3448275862068966
000037 0.750390015600624
000038 0.5984251968503937
000039 0.8744131455399061
000040 0.48586456278763973
000041 0.3637400228050171
000042 0.6357615894039735
000043 0.3595206391478029
000044 0.6526315789473685
000045 0.7727272727272727
000046 0.2413793103448276
000047 0.6728499156829679
000048 0.4421052631578947
000049 0.3333333333333333
000050 0.8783682634730539
000051 0.471190781049936
000052 0.4186813186813187
000053 0.45050055617352613
000054 0.7921157991992609
000055 0.5614236509758898
000056 0.6430894308943089
000057 0.7313432835820896
000058 0.6696230598669624
000059 0.25771144278606967
000060 0.7695665731212972
000062 0.639344262295082
000063 0.593939393939394
000064 0.5604281767955801
000065 0.3795811518324607
000066 0.4117647058823529
000067 0.7727873183619551
000068 0.6381652748348499
000069 0.6861995753715499
000070 0.6012058570198106
000071 0.5547703180212014
000072 0.5825049701789264
000073 0.39655172413793105
000074 0.5801201317574114
000075 0.5402439024390244
000076 0.42050520059435365
000077 0.2894736842105263
000078 0.5269607843137255
000079 0.1757469244288225
000080 0.6319018404907976
000081 0.2826086956521739
000082 0.48854961832061067
000083 0.45454545454545453
000084 0.766566265060241
000085 0.532033426183844
000086 0.4958481613285884
000087 0.5369946605644547
000088 0.4444444444444444
000089 0.8437254594000314
000090 0.6063432835820896
000091 0.3395061728395062
000092 0.48484848484848486
000093 0.598868374032162
000094 0.5727554179566563
000095 0.5399443135575069
000096 0.42812006319115326
000097 0.7131720430107527
000098 0.6470588235294118
000099 0.3474676089517079
000100 0.48903878583473864
000101 0.8888888888888888
000102 0.3283261802575107
000103 0.7648686030428768
000104 0.6242378048780488
000105 0.6142433234421365
000106 0.9372822299651568
000107 0.27283511269276395
000108 0.5488126649076517
000109 0.7873100983020554
000110 0.4411764705882353
000111 0.5348837209302325
000112 0.6769474100434955
000113 0.701683110853163
000114 0.42660550458715596
000115 0.3951612903225806
000116 0.3944099378881988
000117 0.4531645569620253
000118 0.6827586206896552
000119 0.515600624024961
000120 0.7451872593629681
000121 0.8623364032961707
000122 0.5434782608695652
000123 0.42213114754098363
000124 0.7726042230644288
000125 0.6743498817966903
000126 0.8244514106583072
000127 0.6143646408839779
000128 0.36860670194003525
000129 0.6170780520346898
000130 0.22040423484119345
000131 0.3358132375577219
000132 0.5679886685552408
000133 0.6081186572989852
000134 0.5960637300843487
000135 0.3541891405969076
000136 0.6460674157303371
000137 0.5674439871970736
000138 0.37037037037037035
000139 0.6058394160583942
000140 0.16216216216216217
000141 0.671267252195734
000142 0.7060672744419993
000143 0.35294117647058826
000144 0.5988142292490118
000145 0.4351145038167939
000146 0.5384615384615384
000147 0.6409811156935099
000148 0.26756352765321373
000149 0.5538461538461539
000150 0.4274193548387097
000151 0.4940530649588289
000152 0.6586306653809064
000153 0.6157024793388429
000154 0.6065815324165029
000155 0.45394736842105265
000156 0.6306122448979592
000157 0.22580645161290322
000158 0.37719298245614036
000159 0.5012028869286287
000160 0.6653867251782776
000161 0.47737704918032786
000162 0.25756048387096775
000163 0.329608938547486
000164 0.23404255319148937
000165 0.9018575851393189
000166 0.6754385964912281
000167 0.4309210526315789
000168 0.4533333333333333
000169 0.6
000170 0.4043591411841249
000171 0.2647058823529412
000172 0.5
000173 0.6785714285714286
000174 0.49306197964847365
000175 0.45454545454545453
000176 0.672566371681416
000177 0.7028112449799196
000178 0.42719614921780985
000179 0.6343570057581573
000180 0.7425562817719681
000181 0.29213483146067415
000182 0.6527093596059114
000183 0.30434782608695654
000184 0.6697247706422018
000185 0.32919254658385094
000186 0.28846153846153844
000187 0.30381471389645776
000188 0.5743311886217406
000189 0.7856843867727082
000190 0.4114952103290296
000191 0.34501845018450183
000192 0.4444444444444444
000193 0.4044943820224719
000194 0.48329621380846327
000195 0.669260700389105
000196 0.771560236998025
000197 0.71
000198 0.41025641025641024
000199 0.2723053120165034
000200 0.25396825396825395
000201 0.5729166666666666
000202 0.8367683429513603
000203 0.7683789192795197
000204 0.34615384615384615
000205 0.8547845551203134
000206 0.6536511156186613
000207 0.7984496124031008
000208 0.584192439862543
000209 0.6291899441340782
000210 0.30909990108803165
000211 0.2709677419354839
000212 0.4745762711864407
000213 0.6200607902735562
000214 0.28169014084507044
000215 0.6343490304709142
000216 0.7400881057268722
000217 0.676923076923077
000218 0.3072916666666667
000219 0.4896063688633348
000220 0.8681318681318682
000221 0.5090252707581228
000222 0.7351846550243344
000223 0.6100996221229817
000224 0.5223642172523961
000225 0.6666666666666666
000226 0.7179044329303397
000227 0.3733480176211454
000228 0.7921146953405018
000229 0.6019791094007697
000230 0.5572354211663066
000231 0.3333333333333333
000232 0.4226190476190476
000233 0.6088869960249857
000234 0.5873472322070453
000235 0.628038706632051
000236 0.36893203883495146
000237 0.6216339570972159
000238 0.4374636416521233
000239 0.684968496849685
000241 0.8856635071090048
000242 0.8146657724122512
000243 0.4497354497354497
000244 0.3713235294117647
000245 0.3588957055214724
000246 0.3370165745856354
000247 0.45454545454545453
000248 0.0
000249 0.7752666596261485
000250 0.5747617482747289
000251 0.6698754246885618
000252 0.5763411279229711
000253 0.5211267605633803
000254 0.5466321243523317
000255 0.9057304277643261
000256 0.44573643410852715
000257 0.2692307692307692
000258 0.4612794612794613
000259 0.8228241563055062
000260 0.7535341118623233
000261 0.5576642335766423
000262 0.1510574018126888
000263 0.3670212765957447
000264 0.5700267618198037
000265 0.5370919881305638
000266 0.735897435897436
000267 0.6444353518821604
000268 0.3912737508796622
000269 0.42105263157894735
000270 0.5592841163310962
000271 0.5605224963715529
000272 0.3333333333333333
000273 0.7854637294794443
000274 0.8623030303030303
000275 0.753125
000276 0.6631878557874763
000277 0.7190635451505016
000278 0.5655172413793104
000279 0.5288944723618091
000280 0.9425372034772359
000281 0.6035196687370601
000282 0.5
000284 0.518796992481203
000285 0.8378099173553719
000286 0.3333333333333333
000288 0.9209039548022598
000289 0.7505030181086519
000290 0.8691698445291874
000291 0.5504587155963303
000292 0.4423076923076923
000293 0.6480304955527318
000294 0.6200060994205551
000295 0.49882903981264637
000296 0.4225352112676056
000297 0.42424242424242425
000298 0.7101874056310508
000299 0.53515625
000300 0.6637426900584795
000301 0.2727272727272727
000302 0.6335877862595419
