000001 0.5071794871794871
000002 0.5378130726939524
000003 0.8840277777777777
000004 0.568502503413746
000005 0.9850847457627119
000006 0.9734019734019734
000007 0.9641025641025641
000008 0.9389110225763613
000009 0.5866336633663366
000010 0.6961770623742455
000011 0.9685777287761852
000012 0.8086622807017544
000013 0.6427272727272727
000014 0.9661016949152542
000015 0.8161380971497391
000016 0.9385601206181681
000017 0.8177874186550976
000018 0.9725490196078431
000019 0.9730596536241181
000020 0.635116598079561
000021 0.5235782747603834
000022 0.8894719025050779
000023 0.987496026279538
000024 0.8775894538606404
000025 0.6410322580645161
000026 0.6112527621961584
000027 0.7252747252747253
000028 0.9706109822119103
000029 0.8507426345264183
000030 0.5920398009950248
000031 0.9884944920440637
000032 0.6086165048543689
000033 0.43023770854864907
000034 0.7980430528375734
000035 0.6027568922305765
000036 0.5849462365591398
000037 0.7681528662420383
000038 0.6352272727272728
000039 0.937570303712036
000040 0.6546961325966851
000041 0.8603351955307262
000042 0.9933993399339934
000043 0.9933510638297872
000044 0.6424945612762871
000045 0.9318181818181818
000046 0.5082872928176796
000047 0.7901234567901234
000048 0.9789473684210527
000049 1.0
000050 0.9677897075157349
000051 0.6381104883907126
000052 0.5609483960948396
000053 0.8687561214495593
000054 0.8992853112657514
000055 0.5961650203370134
000056 0.9154078549848943
000057 0.9925373134328358
000058 0.9122807017543859
000059 0.9910891089108911
000060 0.8991971454058876
000062 0.9871194379391101
000063 0.9782345828295043
000064 0.7348872950819673
000065 0.5591098748261474
000066 0.9423076923076923
000067 0.5915976885834765
000068 0.9415456559192715
000069 0.6087741935483871
000070 0.685012114918657
000071 0.9719298245614035
000072 0.6796643632773939
000073 0.6213991769547325
000074 0.5933441558441559
000075 0.8024293505205751
000076 0.7505592841163311
000077 1.0
000078 0.9648
000079 0.555823777911889
000080 0.7555555555555555
000081 0.4580152671755725
000082 0.5780164245104232
000083 0.6058282208588958
000084 0.9456630109670987
000085 0.6160972785176607
000086 0.6258411843876177
000087 0.6526235158942933
000088 0.9444444444444444
000089 0.9563325563325563
000090 0.4422933730454207
000091 0.4443478260869565
000092 0.6509274873524452
000093 0.6860484544695071
000094 0.7225186766275347
000095 0.9571846282372598
000096 0.9827315541601256
000097 0.9652335456475584
000098 0.56
000099 0.7360308285163777
000100 0.6304541406945681
000101 0.9629629629629629
000102 0.4735413839891452
000103 0.3263438810522303
000104 0.9802731411229135
000105 0.6396705559368565
000106 0.9761092150170648
000107 0.6177317213586644
000108 0.5932934926958832
000109 0.9529724933451642
000110 0.7072072072072072
000111 0.9798449612403101
000112 0.5668449197860963
000113 0.8531786074672049
000114 0.7245841035120147
000115 0.6526315789473685
000116 0.7178807947019867
000117 0.7241962774957699
000118 0.89375
000119 0.7507142857142857
000120 0.8553230209281165
000121 0.9533146591970122
000122 0.6602136181575434
000123 0.6662777129521587
000124 0.873838630806846
000125 0.7757344160496775
000126 0.9317507418397626
000127 0.9791208791208791
000128 0.5594202898550724
000129 0.567037037037037
000130 0.908273381294964
000131 0.7755759227148873
000132 0.6995812979762736
000133 0.9543726235741445
000134 0.6667491953453826
000135 0.8129770992366412
000136 0.9831460674157303
000137 0.7310952865378094
000138 0.6751563896336015
000139 0.9461426491994177
000140 0.972972972972973
000141 0.7807335751713019
000142 0.8519530183010107
000143 0.9705882352941176
000144 0.7403846153846154
000145 0.4885057471264368
000146 0.9285714285714286
000147 0.6181818181818182
000148 0.7528735632183908
000149 0.5516402116402116
000150 1.0
000151 0.6507246376811594
000152 0.9574669187145558
000153 0.7927631578947368
000154 0.9586339586339586
000155 0.7450496576398742
000156 0.7530423495051112
000157 0.7941176470588235
000158 0.9956140350877193
000159 0.5343002744021952
000160 0.7907880963062659
000161 0.7711229946524064
000162 0.7330188679245283
000163 0.7161290322580646
000164 0.9894736842105263
000165 0.9640024405125076
000166 0.6491228070175439
000167 0.5574572127139364
000168 0.6528117359413202
000169 0.7239336492890995
000170 0.8521814006888634
000171 0.5714285714285714
000172 0.9811320754716981
000173 0.9785714285714285
000174 0.8681558158539907
000175 0.9383561643835616
000176 0.8682170542635659
000177 0.8661417322834646
000178 0.5801621958827199
000179 0.9704198473282443
000180 0.9433106575963719
000181 0.8403790087463557
000182 0.38800104794341106
000183 0.9565217391304348
000184 0.981651376146789
000185 0.6597785977859778
000186 0.5763546798029556
000187 0.7331701346389229
000188 0.7619791666666667
000189 0.7709475332811276
000190 0.6462190497434753
000191 0.5592755214050494
000192 0.6176470588235294
000193 0.5103448275862069
000194 0.48717948717948717
000195 0.7124324324324325
000196 0.8864037669217186
000197 0.9733333333333334
000198 0.8658536585365854
000199 0.5710048201705599
000200 1.0
000201 0.5935828877005348
000202 0.9623567921440261
000203 0.8412757049624431
000204 0.6153846153846154
000205 0.8125854993160054
000206 0.9559591938293108
000207 0.7969348659003831
000208 0.8352849336455894
000209 0.67859021567596
000210 0.7670522536896689
000211 0.4945717732207479
000212 0.5597014925373134
000213 0.6794871794871795
000214 1.0
000215 0.4979669935422148
000216 0.7899628252788105
000217 0.6646771568095496
000218 0.5447690857681433
000219 0.8301066772026867
000220 0.5776
000221 0.738562091503268
000222 0.9600899381675099
000223 0.8637724550898204
000224 0.98328025477707
000225 0.6989690721649484
000226 0.9411438089950028
000227 0.6008403361344538
000228 0.9574468085106383
000229 0.6717289719626168
000230 0.7062818336162988
000231 1.0
000232 0.7936507936507936
000233 0.8532121998702141
000234 0.9590395480225988
000235 0.9456172556218448
000236 0.697560975609756
000237 0.7871953437613678
000238 0.5296924708377518
000239 0.5411764705882353
000241 0.981764705882353
000242 0.9558985667034179
000243 0.6788990825688074
000244 0.5464135021097046
000245 0.5878003696857671
000246 0.6608695652173913
000247 0.4583333333333333
000248 1.0
000249 0.9434711753921369
000250 0.6753307031793919
000251 0.8548942449581899
000252 0.7115384615384616
000253 0.5666666666666667
000254 0.895680521597392
000255 0.8864852973527902
000256 0.6110467361915798
000257 0.7553191489361702
000258 0.5828571428571429
000259 0.7291448516579406
000260 0.6752400548696845
000261 0.9774709302325582
000262 0.8732160637238633
000263 0.9303482587064676
000264 0.991737975804072
000265 0.6943396226415094
000266 0.9755102040816327
000267 0.9523998413328044
000268 0.9333800841514727
000269 0.6733457595526561
000270 0.685595567867036
000271 0.9863847045191193
000272 0.42857142857142855
000273 0.9338177014531044
000274 0.9328956541947478
000275 0.831858407079646
000276 0.643490115882754
000277 0.9774834437086093
000278 0.9639484978540772
000279 0.6041506533435819
000280 0.8432487053176708
000281 0.5787742899850523
000282 0.6875
000284 0.7657534246575343
000285 0.8979878334113243
000286 0.5
000288 0.9964714184897672
000289 0.7428198433420365
000290 0.9409630146545709
000291 0.65625
000292 0.7363636363636363
000293 0.808634772462077
000294 0.8595790034638956
000295 0.6066666666666667
000296 0.7391067538126361
000297 0.7570093457943925
000298 0.92161599333611
000299 0.5942857142857143
000300 0.8740115972588297
000301 1.0
000302 0.9535315985130112
