000001 0.5569386814200092
000002 0.6956801544525782
000003 0.9383763837638376
000004 0.6524926686217009
000005 0.9924812030075187
000006 0.9864923747276688
000007 0.9815303430079155
000008 0.9683151949304312
000009 0.7023172905525846
000010 0.7928669410150891
000011 0.9840291398150742
000012 0.8921841210997837
000013 0.7485604606525912
000014 0.9827586206896551
000015 0.8974932855863921
000016 0.9682570593962999
000017 0.8991596638655462
000018 0.9860755896561523
000019 0.9863414634146341
000020 0.7572992700729927
000021 0.5105042016806722
000022 0.9413139210928373
000023 0.9936918635731851
000024 0.9337748344370861
000025 0.768667886246466
000026 0.7546400600793907
000027 0.8366013071895425
000028 0.985062893081761
000029 0.9187756724526301
000030 0.5936570862239842
000031 0.9942139603594731
000032 0.6406685236768802
000033 0.5891621420206536
000034 0.8864936207655081
000035 0.6292397660818714
000036 0.5849462365591398
000037 0.8597842835130971
000038 0.6393258426966292
000039 0.9675533469745689
000040 0.7539370078740157
000041 0.9248346361996392
000042 0.9966777408637874
000043 0.9966644429619747
000044 0.6958667489204194
000045 0.9647058823529412
000046 0.44025157232704404
000047 0.8622366288492707
000048 0.9893617021276596
000049 1.0
000050 0.9836127330947447
000051 0.7026315789473684
000052 0.5720500271886895
000053 0.9296218487394958
000054 0.9463023314113813
000055 0.6277450455275844
000056 0.9557661927330173
000057 0.9962546816479401
000058 0.9540229885057471
000059 0.9955201592832255
000060 0.9465384008831415
000062 0.9935179728933412
000063 0.988997555012225
000064 0.8465530022238695
000065 0.5528913963328632
000066 0.9702970297029703
000067 0.7353506730088047
000068 0.9697548551416746
000069 0.7430508474576272
000070 0.7963294538943599
000071 0.9857651245551602
000072 0.7879777850375694
000073 0.7195121951219512
000074 0.7430204440536382
000075 0.8899019201547175
000076 0.8565916398713826
000077 1.0
000078 0.9820846905537459
000079 0.38666666666666666
000080 0.8533333333333334
000081 0.5034965034965035
000082 0.6313465783664459
000083 0.6586985391766268
000084 0.9720297664870413
000085 0.5954850518608907
000086 0.5477223427331888
000087 0.6477669902912622
000088 0.9714285714285714
000089 0.977664732533185
000090 0.5668016194331984
000091 0.5858716785482826
000092 0.7781350482315113
000093 0.7222468588322247
000094 0.7955974842767296
000095 0.9781099839829152
000096 0.9912905779889153
000097 0.9822853279242731
000098 0.6857142857142857
000099 0.8329268292682926
000100 0.6182152713891444
000101 0.9811320754716981
000102 0.5076142131979695
000103 0.42759961127308066
000104 0.9900306748466258
000105 0.7450218552695483
000106 0.987783595113438
000107 0.29957805907172996
000108 0.7180667433831991
000109 0.975920036347115
000110 0.7627737226277372
000111 0.9898198903680501
000112 0.6787675411836486
000113 0.9202083904579106
000114 0.831638418079096
000115 0.7898089171974523
000116 0.8289156626506025
000117 0.4572697003329634
000118 0.9438943894389439
000119 0.8530526315789474
000120 0.9217391304347826
000121 0.9758687258687259
000122 0.7523114355231143
000123 0.45
000124 0.9314922995220393
000125 0.7377827422507679
000126 0.9645608628659477
000127 0.9894385769872152
000128 0.6865979381443299
000129 0.6959687906371912
000130 0.9517958412098299
000131 0.8721061547148503
000132 0.7964057696855048
000133 0.9766355140186916
000134 0.682247403210576
000135 0.8966076935562408
000136 0.9915014164305949
000137 0.8245186988271741
000138 0.456245325355273
000139 0.9723261032161555
000140 0.9863013698630136
000141 0.870074038691187
000142 0.919632265717675
000143 0.9850746268656716
000144 0.848314606741573
000145 0.4971751412429379
000146 0.9629629629629629
000147 0.7389705882352942
000148 0.8571428571428571
000149 0.6460021722783859
000150 1.0
000151 0.7682692307692308
000152 0.9782713664896185
000153 0.8839779005524862
000154 0.9788801571709234
000155 0.848513726496353
000156 0.6468677494199536
000157 0.8852459016393442
000158 0.9978021978021978
000159 0.6192307692307693
000160 0.8816312716811913
000161 0.8692730604764813
000162 0.843646408839779
000163 0.8108882521489972
000164 0.9947089947089947
000165 0.9816485225505444
000166 0.7744360902255639
000167 0.6565464895635673
000168 0.7746031746031746
000169 0.835799859055673
000170 0.9196693183590704
000171 0.7272727272727273
000172 0.9904666332162569
000173 0.9891696750902527
000174 0.9292604501607717
000175 0.9681978798586572
000176 0.9294605809128631
000177 0.9282700421940928
000178 0.622334455667789
000179 0.984958757884522
000180 0.9707865168539326
000181 0.9131297104323681
000182 0.4908456843940715
000183 0.9777777777777777
000184 0.9907407407407407
000185 0.4826038159371493
000186 0.6950354609929078
000187 0.8392330383480826
000188 0.8644319193117769
000189 0.8680947012401353
000190 0.654917319408181
000191 0.6069505628976994
000192 0.7346938775510204
000193 0.5895953757225434
000194 0.5409181636726547
000195 0.779253112033195
000196 0.9396686464520163
000197 0.9864864864864865
000198 0.9271523178807947
000199 0.7133158233807424
000200 1.0
000201 0.6161616161616161
000202 0.9807852965747702
000203 0.9123665782854035
000204 0.7619047619047619
000205 0.867815299793246
000206 0.9774263486800153
000207 0.7984790874524715
000208 0.9076586433260394
000209 0.7798198198198198
000210 0.8647522000926354
000211 0.4662420382165605
000212 0.5693430656934306
000213 0.7983870967741935
000214 1.0
000215 0.578259995981515
000216 0.7538126361655774
000217 0.7651975683890577
000218 0.5721877767936226
000219 0.9061135371179039
000220 0.7283950617283951
000221 0.8431372549019608
000222 0.9796211251435132
000223 0.9265536723163842
000224 0.991562876657292
000225 0.7533783783783784
000226 0.9696449026345934
000227 0.7069710055521283
000228 0.9782214156079855
000229 0.757410071942446
000230 0.8062709966405375
000231 1.0
000232 0.8807339449541285
000233 0.9161539031803692
000234 0.9790462427745664
000235 0.9719891265807824
000236 0.45374449339207046
000237 0.8801966004505427
000238 0.671116054875788
000239 0.674457429048414
000241 0.9907600596125187
000242 0.9773806831033702
000243 0.8011363636363636
000244 0.656
000245 0.6201022146507666
000246 0.7732558139534884
000247 0.43478260869565216
000248 1.0
000249 0.9707848607674896
000250 0.7781126090404441
000251 0.9215216812982177
000252 0.8140043763676149
000253 0.6119402985074627
000254 0.9448751076658053
000255 0.9394034291082752
000256 0.5340120314669135
000257 0.8553459119496856
000258 0.5860113421550095
000259 0.8380634390651085
000260 0.733764408209165
000261 0.9886071297317163
000262 0.932245477119546
000263 0.9639175257731959
000264 0.9958518518518519
000265 0.6136724960254372
000266 0.987603305785124
000267 0.9755998373322489
000268 0.9655422560754443
000269 0.8021450747953711
000270 0.7561761546723953
000271 0.9931456905352195
000272 0.5
000273 0.9655882958994436
000274 0.9651867257437381
000275 0.9060955518945635
000276 0.7513076557299097
000277 0.9885906040268456
000278 0.9816433566433567
000279 0.7446703024293505
000280 0.9146551131283955
000281 0.7183689786128323
000282 0.7368421052631579
000284 0.8632
000285 0.945771144278607
000286 0.5714285714285714
000288 0.998231340643792
000289 0.7987742594484167
000290 0.9695310811784197
000291 0.7566371681415929
000292 0.8336520076481836
000293 0.8937670937095149
000294 0.9241835707092505
000295 0.6525323910482921
000296 0.8338536246964967
000297 0.8602150537634409
000298 0.9591207263564882
000299 0.5988700564971752
000300 0.9324286118179248
000301 1.0
000302 0.9761677788369876
