000001 0.4015384615384615
000002 0.3108124618204032
000003 0.7118055555555556
000004 0.48748293126991354
000005 0.7301694915254238
000006 0.737022737022737
000007 0.6923076923076923
000008 0.8867197875166003
000009 0.3564356435643564
000010 0.40040241448692154
000011 0.6422271223814774
000012 0.5032894736842105
000013 0.5036363636363637
000014 0.9152542372881356
000015 0.36531513448414293
000016 0.758009800226159
000017 0.5065075921908894
000018 0.8431372549019608
000019 0.46279666452854396
000020 0.5363511659807956
000021 0.4626198083067093
000022 0.6975287745429926
000023 0.9376920631556639
000024 0.282015065913371
000025 0.36154838709677417
000026 0.43090260071392145
000027 0.4697802197802198
000028 0.6960556844547564
000029 0.6447528609690771
000030 0.5039800995024876
000031 0.34320685434516524
000032 0.5351941747572816
000033 0.32378561937103206
000034 0.684931506849315
000035 0.46616541353383456
000036 0.4860215053763441
000037 0.6700636942675159
000038 0.6142045454545455
000039 0.8447694038245219
000040 0.46593001841620624
000041 0.3575418994413408
000042 0.636963696369637
000043 0.35904255319148937
000044 0.593183466279913
000045 0.7727272727272727
000046 0.4116022099447514
000047 0.6259259259259259
000048 0.4421052631578947
000049 0.3333333333333333
000050 0.8700481303221029
000051 0.5052041633306645
000052 0.4800557880055788
000053 0.39862879529872675
000054 0.7374459281549746
000055 0.5398024404416037
000056 0.5989425981873112
000057 0.7313432835820896
000058 0.6644736842105263
000059 0.25742574257425743
000060 0.7407077014570325
000062 0.639344262295082
000063 0.592503022974607
000064 0.4193135245901639
000065 0.48817802503477054
000066 0.40384615384615385
000067 0.4810245197563642
000068 0.6345065222741817
000069 0.4601290322580645
000070 0.5524402907580478
000071 0.5508771929824562
000072 0.5182625863770978
000073 0.41975308641975306
000074 0.35262059369202226
000075 0.44323252354982645
000076 0.3221476510067114
000077 0.2894736842105263
000078 0.516
000079 0.47616173808086903
000080 0.6166666666666667
000081 0.2824427480916031
000082 0.4996841440303222
000083 0.4938650306748466
000084 0.7627118644067796
000085 0.5547191661841343
000086 0.5868102288021534
000087 0.602834163155879
000088 0.4444444444444444
000089 0.8354312354312354
000090 0.31943410275502604
000091 0.19478260869565217
000092 0.41652613827993257
000093 0.6138680033416876
000094 0.5773745997865528
000095 0.5271512113617377
000096 0.42543171114599687
000097 0.7054140127388535
000098 0.52
000099 0.3622350674373796
000100 0.5894924309884239
000101 0.8888888888888888
000102 0.4097693351424695
000103 0.2855508959207015
000104 0.622154779969651
000105 0.5394646533973919
000106 0.9283276450511946
000107 0.6021876799078871
000108 0.4206507304116866
000109 0.7817213842058562
000110 0.5067567567567568
000111 0.5348837209302325
000112 0.46133278486219664
000113 0.6165489404641776
000114 0.38817005545286504
000115 0.2578947368421053
000116 0.3708609271523179
000117 0.7089678510998308
000118 0.61875
000119 0.4992857142857143
000120 0.6490749165908402
000121 0.8398692810457516
000122 0.4946595460614152
000123 0.6499416569428238
000124 0.7139364303178484
000125 0.7327442082636733
000126 0.7833827893175074
000127 0.6120879120879121
000128 0.37971014492753624
000129 0.4140740740740741
000130 0.20863309352517986
000131 0.3346544463710676
000132 0.531751570132589
000133 0.5931558935361216
000134 0.6239168110918544
000135 0.2912507339988256
000136 0.6460674157303371
000137 0.5201763309596473
000138 0.6505808757819481
000139 0.604075691411936
000140 0.16216216216216217
000141 0.5856509471987102
000142 0.6184102704179186
000143 0.35294117647058826
000144 0.5
000145 0.3994252873563218
000146 0.5
000147 0.4558258642765685
000148 0.2686781609195402
000149 0.4168253968253968
000150 0.4274193548387097
000151 0.46304347826086956
000152 0.6455576559546313
000153 0.4934210526315789
000154 0.594035594035594
000155 0.44815248905064464
000156 0.7274054843420412
000157 0.20588235294117646
000158 0.37719298245614036
000159 0.40062720501764015
000160 0.5558546433378196
000161 0.39946524064171124
000162 0.2537735849056604
000163 0.36129032258064514
000164 0.23157894736842105
000165 0.8898718730933496
000166 0.49707602339181284
000167 0.4547677261613692
000168 0.38875305623471884
000169 0.4514218009478673
000170 0.36280137772675086
000171 0.2571428571428571
000172 0.49950347567030784
000173 0.6785714285714286
000174 0.4377553800054481
000175 0.4452054794520548
000176 0.5891472868217055
000177 0.6889763779527559
000178 0.45570804741110416
000179 0.6326335877862596
000180 0.7148090005232862
000181 0.2478134110787172
000182 0.30128373067854336
000183 0.30434782608695654
000184 0.6697247706422018
000185 0.618450184501845
000186 0.31527093596059114
000187 0.30966952264381886
000188 0.44479166666666664
000189 0.7521534847298356
000190 0.5308944902966763
000191 0.4242590559824369
000192 0.4411764705882353
000193 0.4068965517241379
000194 0.4269788182831661
000195 0.6697297297297298
000196 0.6915832842848735
000197 0.71
000198 0.4024390243902439
000199 0.1939191694475343
000200 0.25396825396825395
000201 0.5614973262032086
000202 0.8322422258592471
000203 0.7241719000123138
000204 0.34615384615384615
000205 0.7944107875708423
000206 0.6439412789251058
000207 0.789272030651341
000208 0.5565964090554254
000209 0.5833771699105734
000210 0.2716394096529717
000211 0.42581423401688784
000212 0.47761194029850745
000213 0.4807692307692308
000214 0.28169014084507044
000215 0.42764888782587895
000216 0.7806691449814126
000217 0.5957677699403147
000218 0.4071630537229029
000219 0.447649150533386
000220 0.5168
000221 0.49673202614379086
000222 0.7225969645868465
000223 0.5362275449101797
000224 0.5214968152866242
000225 0.643298969072165
000226 0.6935036091060522
000227 0.4042016806722689
000228 0.7854609929078015
000229 0.5856697819314641
000230 0.533106960950764
000231 0.3333333333333333
000232 0.4074074074074074
000233 0.6079169370538612
000234 0.5790960451977402
000235 0.6126663607159247
000236 0.6646341463414634
000237 0.5009094216078575
000238 0.4485683987274655
000239 0.424
000241 0.8835294117647059
000242 0.8066152149944873
000243 0.42201834862385323
000244 0.3270042194092827
000245 0.4676524953789279
000246 0.34782608695652173
000247 0.4583333333333333
000248 0.0
000249 0.7519861478916277
000250 0.5119517289394291
000251 0.5848499754058042
000252 0.5542986425339367
000253 0.5333333333333333
000254 0.5175224123879381
000255 0.8295079562953729
000256 0.5658555426805717
000257 0.2553191489361702
000258 0.5485714285714286
000259 0.675043630017452
000260 0.6481481481481481
000261 0.5552325581395349
000262 0.15034848987719882
000263 0.34328358208955223
000264 0.5656535851283564
000265 0.6792452830188679
000266 0.7321428571428571
000267 0.6255454184847283
000268 0.3899018232819074
000269 0.2982292637465051
000270 0.5443213296398892
000271 0.5593858632676709
000272 0.2857142857142857
000273 0.744782034346103
000274 0.8293051359516617
000275 0.7315634218289085
000276 0.5814587593728698
000277 0.713907284768212
000278 0.5630901287553648
000279 0.35049961568024596
000280 0.8112921561197424
000281 0.3901345291479821
000282 0.625
000284 0.4520547945205479
000285 0.7674309780065512
000286 0.3333333333333333
000288 0.9209597741707833
000289 0.7193211488250653
000290 0.8287508722958827
000291 0.496875
000292 0.42424242424242425
000293 0.5326072863995851
000294 0.5454303224087397
000295 0.5213333333333333
000296 0.394880174291939
000297 0.40186915887850466
000298 0.6681382757184506
000299 0.5523809523809524
000300 0.60305745914602
000301 0.2727272727272727
000302 0.6189591078066915
