000001 0.6871444823663254
000002 0.9630289532293986
000003 0.9270871308786001
000004 0.6029810298102981
000005 0.9864130434782609
000006 0.9758620689655172
000007 0.96875
000008 0.9404602622424405
000009 0.6080246913580247
000010 0.878419452887538
000011 0.9826524902070509
000012 0.8437536519808344
000013 0.7627118644067796
000014 0.9661016949152542
000015 0.9023402340234024
000016 0.9722330856472429
000017 0.8434684684684685
000018 0.9818902093944539
000019 0.9876261803972647
000020 0.9080962800875274
000021 0.7674694038689301
000022 0.9838436971632538
000023 0.988828598787105
000024 0.9183366733466933
000025 0.8981733385153517
000026 0.9736987818383167
000027 0.9014084507042254
000028 0.9812059514487079
000029 0.9606539207536714
000030 0.591897233201581
000031 0.993846911149397
000032 0.6381798002219756
000033 0.8806492679821769
000034 0.9843673668783586
000035 0.5822510822510822
000036 0.5210727969348659
000037 0.8705148205928237
000038 0.6400449943757031
000039 0.971244131455399
000040 0.7554240631163708
000041 0.8768529076396807
000042 0.9933774834437086
000043 0.9946737683089214
000044 0.7421052631578947
000045 0.9318181818181818
000046 0.4827586206896552
000047 0.897133220910624
000048 0.9789473684210527
000049 1.0
000050 0.9771706586826348
000051 0.6837387964148528
000052 0.578021978021978
000053 0.9844271412680756
000054 0.9687917051637409
000055 0.6727898966704937
000056 0.983739837398374
000057 0.9925373134328358
000058 0.9201773835920177
000059 0.9950248756218906
000060 0.9357655129404427
000062 0.9871194379391101
000063 0.9806060606060606
000064 0.9858425414364641
000065 0.5130890052356021
000066 0.9607843137254902
000067 0.9598414795244385
000068 0.9491462046615979
000069 0.9307855626326964
000070 0.7661498708010336
000071 0.9787985865724381
000072 0.7992047713717694
000073 0.6781609195402298
000074 0.982367758186398
000075 0.9820121951219513
000076 0.9895988112927192
000077 1.0
000078 0.9852941176470589
000079 0.4077328646748682
000080 0.7852760736196319
000081 0.782608695652174
000082 0.623773173391494
000083 0.6441558441558441
000084 0.9508032128514057
000085 0.6796657381615598
000086 0.5990510083036773
000087 0.6361556064073226
000088 0.9444444444444444
000089 0.9659180147636249
000090 0.914179104477612
000091 0.9300411522633745
000092 0.7857142857142857
000093 0.7275163787969029
000094 0.7832817337461301
000095 0.9809381023773828
000096 0.9889415481832543
000097 0.9763440860215054
000098 0.7058823529411765
000099 0.8044758539458187
000100 0.5666104553119731
000101 0.9629629629629629
000102 0.4291845493562232
000103 0.9128630705394191
000104 0.9839939024390244
000105 0.7586547972304649
000106 0.9860627177700348
000107 0.3368920521945433
000108 0.8232189973614775
000109 0.9597855227882037
000110 0.7683823529411765
000111 0.9798449612403101
000112 0.8797943851324634
000113 0.9738827626233314
000114 0.8440366972477065
000115 1.0
000116 0.8012422360248447
000117 0.5215189873417722
000118 0.9862068965517241
000119 0.7901716068642746
000120 0.9831991599579979
000121 0.9801260300533204
000122 0.8002070393374742
000123 0.47950819672131145
000124 0.9496480779642664
000125 0.7807328605200946
000126 0.9811912225705329
000127 0.9834254143646409
000128 0.5873015873015873
000129 0.8925950633755837
000130 0.9692011549566891
000131 0.7924576706003078
000132 0.7950897072710104
000133 0.9789227166276346
000134 0.6771321462043112
000135 0.9931679252067601
000136 0.9831460674157303
000137 0.8518518518518519
000138 0.45185185185185184
000139 0.948905109489051
000140 0.972972972972973
000141 0.9141781681304894
000142 0.9748506758880855
000143 0.9705882352941176
000144 0.8952569169960475
000145 0.6717557251908397
000146 1.0
000147 0.9162144562622097
000148 0.7713004484304933
000149 0.826068376068376
000150 1.0
000151 0.7310155535224153
000152 0.9768563162970106
000153 0.9917355371900827
000154 0.9788801571709234
000155 0.7770542427497314
000156 0.7112244897959183
000157 0.8709677419354839
000158 0.9956140350877193
000159 0.7746591820368885
000160 0.9526421649296032
000161 0.9331147540983606
000162 0.7696572580645161
000163 0.7905027932960894
000164 1.0
000165 0.9770897832817338
000166 0.9035087719298246
000167 0.569078947368421
000168 0.8133333333333334
000169 0.9801652892561984
000170 0.9590110605074821
000171 0.5882352941176471
000172 0.9830677290836654
000173 0.9785714285714285
000174 0.9802651865556583
000175 0.958041958041958
000176 0.9911504424778761
000177 0.8835341365461847
000178 0.6672683513838749
000179 0.974088291746641
000180 0.9803921568627451
000181 0.9948141745894555
000182 0.9244663382594417
000183 0.9565217391304348
000184 0.981651376146789
000185 0.4451345755693582
000186 0.6282051282051282
000187 0.7752043596730245
000188 0.9867930917710802
000189 0.8057764755127669
000190 0.6268221574344023
000191 0.5719557195571956
000192 0.6666666666666666
000193 0.5730337078651685
000194 0.6035634743875279
000195 0.7307392996108949
000196 0.989466754443713
000197 0.9733333333333334
000198 0.8974358974358975
000199 0.9279267663744198
000200 1.0
000201 0.6354166666666666
000202 0.9678483099752679
000203 0.895263509006004
000204 0.6153846153846154
000205 0.8808058198097369
000206 0.9716024340770791
000207 0.813953488372093
000208 0.8908934707903781
000209 0.755586592178771
000210 0.9233432245301681
000211 0.3935483870967742
000212 0.6610169491525424
000213 0.9027355623100304
000214 1.0
000215 0.7972299168975069
000216 0.762114537444934
000217 0.7746153846153846
000218 0.5607638888888888
000219 0.9177355152587351
000220 0.9725274725274725
000221 0.776173285198556
000222 0.9770970512453478
000223 0.9859154929577465
000224 0.9856230031948882
000225 0.7585034013605442
000226 0.9746689694876224
000227 0.6310572687224669
000228 0.9659498207885304
000229 0.7234744365035733
000230 0.7775377969762419
000231 1.0
000232 0.8571428571428571
000233 0.8772004542873367
000234 0.97411933860532
000235 0.9704979938635827
000236 0.5
000237 0.9808306709265175
000238 0.5264688772542175
000239 0.9090909090909091
000241 0.9845971563981043
000242 0.9660183322155154
000243 0.746031746031746
000244 0.7536764705882353
000245 0.558282208588957
000246 0.7348066298342542
000247 0.45454545454545453
000248 1.0
000249 0.9738092723624459
000250 0.806112389089714
000251 0.9807474518686297
000252 0.7675378266850069
000253 0.5774647887323944
000254 0.9473229706390328
000255 0.9684422921711058
000256 0.5591085271317829
000257 0.8717948717948718
000258 0.5218855218855218
000259 0.8916518650088809
000260 0.8020897357098955
000261 0.9817518248175182
000262 0.8821752265861027
000263 0.9946808510638298
000264 0.9994052928932501
000265 0.5727002967359051
000266 0.9805128205128205
000267 0.9815875613747954
000268 0.9366643209007741
000269 0.9712918660287081
000270 0.7874720357941835
000271 0.988388969521045
000272 0.6666666666666666
000273 0.9862494738319069
000274 0.9703636363636363
000275 0.859375
000276 0.7495256166982922
000277 0.9852842809364548
000278 0.968103448275862
000279 0.9434673366834171
000280 0.9798143509650803
000281 0.9301242236024845
000282 0.5833333333333334
000284 0.9014202172096909
000285 0.9819214876033058
000286 0.6666666666666666
000288 0.9964689265536724
000289 0.7867203219315896
000290 0.9870929891463772
000291 0.7844036697247706
000292 0.8384615384615385
000293 0.9861817026683609
000294 0.9795669411405916
000295 0.6487119437939111
000296 0.8910303928836175
000297 0.8080808080808081
000298 0.9804600763833378
000299 0.62109375
000300 0.9643274853801169
000301 1.0
000302 0.9770992366412213
