000001 0.4682170542635659
000002 0.544515804054905
000003 0.9499439671273814
000004 0.7108626198083067
000005 0.9986244841815681
000006 0.9973568281938326
000007 0.9946524064171123
000008 0.997870528109029
000009 0.8312236286919831
000010 0.7225
000011 0.9854096520763187
000012 0.9465128474043
000013 0.7349246231155779
000014 1.0
000015 0.8926981300089047
000016 0.9643134212567882
000017 0.9627249357326478
000018 0.990296803652968
000019 0.985060084443001
000020 0.6494522691705791
000021 0.38245130828251034
000022 0.9023087525844246
000023 0.9986032018910498
000024 0.949740932642487
000025 0.6718023255813953
000026 0.6160448414783675
000027 0.7804878048780488
000028 0.988950276243094
000029 0.8803961401726765
000030 0.595427435387674
000031 0.9945812807881773
000032 0.6431767337807607
000033 0.4426491761318189
000034 0.8063225290116046
000035 0.6844783715012722
000036 0.6666666666666666
000037 0.8493150684931506
000038 0.6386083052749719
000039 0.9638905066977286
000040 0.7524557956777996
000041 0.9783715012722646
000042 1.0
000043 0.9986631016042781
000044 0.6550522648083623
000045 1.0
000046 0.4046242774566474
000047 0.8299531981279251
000048 1.0
000049 1.0
000050 0.9901403109594236
000051 0.7225981055480379
000052 0.566200215285253
000053 0.8805970149253731
000054 0.9248333986671894
000055 0.5883534136546185
000056 0.9293394777265745
000057 1.0
000058 0.9904534606205251
000059 0.9960159362549801
000060 0.9575622208040843
000062 1.0
000063 0.9975339087546239
000064 0.7417511041829047
000065 0.599388379204893
000066 0.98
000067 0.5959645669291339
000068 0.9912783129393388
000069 0.6183356840620592
000070 0.8289841565703635
000071 0.992831541218638
000072 0.7770618556701031
000073 0.7662337662337663
000074 0.5974546311572001
000075 0.8135892902248042
000076 0.7551020408163265
000077 1.0
000078 0.9788961038961039
000079 0.3676703645007924
000080 0.9343065693430657
000081 0.3711340206185567
000082 0.6391061452513966
000083 0.6739130434782609
000084 0.9942257217847769
000085 0.5298588490770901
000086 0.5044955044955045
000087 0.6598101265822784
000088 1.0
000089 0.9897006758931445
000090 0.4107292539815591
000091 0.42762535477767266
000092 0.7707006369426752
000093 0.7170531259172293
000094 0.8083067092651757
000095 0.975298126064736
000096 0.9936507936507937
000097 0.9882993197278912
000098 0.6666666666666666
000099 0.8634639696586599
000100 0.680161943319838
000101 1.0
000102 0.6211180124223602
000103 0.27918781725888325
000104 0.996141975308642
000105 0.7318702290076335
000106 0.9895104895104895
000107 0.26970560303893637
000108 0.636734693877551
000109 0.9926062846580407
000110 0.7572463768115942
000111 1.0
000112 0.5525204867146759
000113 0.8721413721413721
000114 0.8195991091314031
000115 0.6526315789473685
000116 0.8585690515806988
000117 0.40711462450592883
000118 0.9050632911392406
000119 0.9268069533394327
000120 0.8675108091414453
000121 0.9716482460355599
000122 0.7098255280073462
000123 0.42391304347826086
000124 0.9140177175612298
000125 0.6993118051879301
000126 0.9484848484848485
000127 0.9955257270693513
000128 0.826302729528536
000129 0.5703324808184144
000130 0.9350046425255338
000131 0.9695543000627747
000132 0.797726196115585
000133 0.9743589743589743
000134 0.6874405328258801
000135 0.8171597633136095
000136 1.0
000137 0.798885077186964
000138 0.4607250755287009
000139 0.9969325153374233
000140 1.0
000141 0.8300296195033037
000142 0.8703339882121808
000143 1.0
000144 0.806049822064057
000145 0.39461883408071746
000146 0.9285714285714286
000147 0.6191873258031392
000148 0.9644859813084112
000149 0.5303882562765811
000150 1.0
000151 0.8095238095238095
000152 0.9796905222437138
000153 0.7973421926910299
000154 0.9788801571709234
000155 0.9344474045370146
000156 0.5931914893617021
000157 0.9
000158 1.0
000159 0.5157501334757074
000160 0.8204724409448819
000161 0.8136077758719268
000162 0.9333740831295844
000163 0.8323529411764706
000164 0.9894736842105263
000165 0.98625
000166 0.6776315789473685
000167 0.7757847533632287
000168 0.7393939393939394
000169 0.7285012285012284
000170 0.883428228948157
000171 0.9523809523809523
000172 0.9979777553083923
000173 1.0
000174 0.883300916921367
000175 0.9785714285714285
000176 0.875
000177 0.9777777777777777
000178 0.5830704521556257
000179 0.9960745829244357
000180 0.9613672779063557
000181 0.843841642228739
000182 0.3341246290801187
000183 1.0
000184 1.0
000185 0.5269607843137255
000186 0.7777777777777778
000187 0.9147909967845659
000188 0.7690683557666931
000189 0.9408602150537635
000190 0.6856492027334852
000191 0.6465067778936392
000192 0.8181818181818182
000193 0.6071428571428571
000194 0.49005424954792043
000195 0.8346666666666667
000196 0.8946428571428572
000197 1.0
000198 0.958904109589041
000199 0.5793286645737744
000200 1.0
000201 0.5980392156862745
000202 0.9940728196443692
000203 0.9301358469642362
000204 1.0
000205 0.8552023906547134
000206 0.9833205029509879
000207 0.7835820895522388
000208 0.9250669045495094
000209 0.8056589724497394
000210 0.8131533101045296
000211 0.571875
000212 0.5
000213 0.7156626506024096
000214 1.0
000215 0.453656998738966
000216 0.7456896551724138
000217 0.756006006006006
000218 0.5840867992766727
000219 0.8947822337214316
000220 0.5822368421052632
000221 0.9227467811158798
000222 0.9821582733812949
000223 0.8739342265529841
000224 0.9975747776879548
000225 0.7483221476510067
000226 0.9646723646723647
000227 0.8036465638148668
000228 0.9908088235294118
000229 0.7946859903381642
000230 0.8372093023255814
000231 1.0
000232 0.9056603773584906
000233 0.9587276958882855
000234 0.9840232389251997
000235 0.9734848484848485
000236 0.4153225806451613
000237 0.7982912332838039
000238 0.9253578732106339
000239 0.5360934182590233
000241 0.997000599880024
000242 0.9890135042343786
000243 0.8650306748466258
000244 0.5807365439093485
000245 0.6973180076628352
000246 0.8159509202453987
000247 0.4166666666666667
000248 1.0
000249 0.9677791771620488
000250 0.7519926425505825
000251 0.8690416457601605
000252 0.8664596273291926
000253 0.6507936507936508
000254 0.9424398625429553
000255 0.9120553359683794
000256 0.5110717449069974
000257 0.8395061728395061
000258 0.6681034482758621
000259 0.7905511811023622
000260 0.6761658031088082
000261 0.9955588452997779
000262 0.9883414817600602
000263 0.935
000264 0.9923235901978151
000265 0.660958904109589
000266 0.9947970863683663
000267 0.9696847210994342
000268 0.9962574850299402
000269 0.6831730769230769
000270 0.7272727272727273
000271 0.9979484173505275
000272 0.4
000273 0.9457750269106566
000274 0.9600647598488937
000275 0.9581881533101045
000276 0.7530981887511916
000277 0.9919191919191919
000278 0.9955673758865248
000279 0.6150696150696151
000280 0.8576218725818933
000281 0.5851514164767176
000282 1.0
000284 0.8280890253261703
000285 0.9121880998080614
000286 0.5
000288 1.0
000289 0.8112033195020747
000290 0.9525831564048125
000291 0.7307692307692307
000292 0.8288973384030418
000293 0.8171887338773361
000294 0.8747276688453159
000295 0.6563981042654028
000296 0.7835723598435462
000297 0.9195402298850575
000298 0.9386904761904762
000299 0.5781818181818181
000300 0.9025725232621784
000301 1.0
000302 0.9752380952380952
