000001 0.7794871794871795
000002 0.8219914477703115
000003 0.8256944444444444
000004 0.7109695038689121
000005 0.8942372881355932
000006 0.9214929214929215
000007 0.8923076923076924
000008 0.9035856573705179
000009 0.5767326732673267
000010 0.8189134808853119
000011 0.8610804851157663
000012 0.8008771929824562
000013 0.8027272727272727
000014 0.9661016949152542
000015 0.7041348855881172
000016 0.9057670561628345
000017 0.7255965292841648
000018 0.9619047619047619
000019 0.7620269403463759
000020 0.8751714677640604
000021 0.918594249201278
000022 0.9460054163845633
000023 0.9734025643742715
000024 0.7434086629001884
000025 0.8730322580645161
000026 0.9483256841747407
000027 0.760989010989011
000028 0.868522815158546
000029 0.8862916971025079
000030 0.7666666666666667
000031 0.8533659730722154
000032 0.7924757281553398
000033 0.8908902997194744
000034 0.9581213307240705
000035 0.6967418546365914
000036 0.6881720430107527
000037 0.8840764331210191
000038 0.8147727272727273
000039 0.9589426321709786
000040 0.7684162062615101
000041 0.6960893854748603
000042 0.8910891089108911
000043 0.8643617021276596
000044 0.8506163886874547
000045 0.9090909090909091
000046 0.7707182320441989
000047 0.8925925925925926
000048 0.9263157894736842
000049 0.8055555555555556
000050 0.9366901147723066
000051 0.7526020816653323
000052 0.7615062761506276
000053 0.9020568070519099
000054 0.9296595824713184
000055 0.8233585124927367
000056 0.9297583081570997
000057 0.9029850746268657
000058 0.8793859649122807
000059 0.7386138613861386
000060 0.9214986619090099
000062 0.9156908665105387
000063 0.8391777509068924
000064 0.8921618852459017
000065 0.7204450625869263
000066 0.7692307692307693
000067 0.9622052163048571
000068 0.8609401919763722
000069 0.9091612903225806
000070 0.7781239183108342
000071 0.7859649122807018
000072 0.8089832181638696
000073 0.6748971193415638
000074 0.9292671614100185
000075 0.8877045116509668
000076 0.8120805369127517
000077 0.8157894736842105
000078 0.7808
000079 0.7887748943874472
000080 0.7666666666666667
000081 0.9083969465648855
000082 0.7662665824384081
000083 0.7584355828220859
000084 0.8783649052841476
000085 0.8488708743485813
000086 0.8371467025572006
000087 0.8073535044044428
000088 0.6666666666666666
000089 0.9432789432789432
000090 0.9032017870439315
000091 0.9321739130434783
000092 0.760539629005059
000093 0.8162071846282373
000094 0.8068303094983992
000095 0.8356307435254804
000096 0.8838304552590267
000097 0.9088375796178344
000098 0.76
000099 0.6570327552986512
000100 0.7631344612644702
000101 0.9629629629629629
000102 0.6200814111261872
000103 0.9641631719405261
000104 0.8968133535660091
000105 0.8229238160603981
000106 0.9761092150170648
000107 0.8370754173862982
000108 0.8399734395750332
000109 0.9077196095829636
000110 0.8423423423423423
000111 0.8480620155038759
000112 0.9129987659399424
000113 0.8965691220988901
000114 0.8170055452865065
000115 0.9789473684210527
000116 0.7470198675496689
000117 0.8871968415115623
000118 0.8875
000119 0.7821428571428571
000120 0.9651198058841371
000121 0.9472455648926237
000122 0.8050734312416555
000123 0.8448074679113186
000124 0.8904645476772616
000125 0.8891807977071889
000126 0.8961424332344213
000127 0.8593406593406593
000128 0.6536231884057971
000129 0.8848148148148148
000130 0.7473021582733813
000131 0.48972008917513005
000132 0.8161200279134683
000133 0.8509505703422053
000134 0.8113394404555583
000135 0.9039929536112742
000136 0.8623595505617978
000137 0.8318073923363852
000138 0.8310991957104558
000139 0.8791848617176128
000140 0.4864864864864865
000141 0.8837162434502217
000142 0.9071291996722207
000143 0.6176470588235294
000144 0.7516025641025641
000145 0.8706896551724138
000146 0.9642857142857143
000147 0.8975672215108835
000148 0.617816091954023
000149 0.8923809523809524
000150 0.8709677419354839
000151 0.6550724637681159
000152 0.8364839319470699
000153 0.9161184210526315
000154 0.8903318903318903
000155 0.6282770957991487
000156 0.8998864189518092
000157 0.3235294117647059
000158 0.75
000159 0.8506468051744414
000160 0.7999102736653207
000161 0.8582887700534759
000162 0.4091981132075472
000163 0.6860215053763441
000164 0.7263157894736842
000165 0.9600366076876145
000166 0.8713450292397661
000167 0.6625916870415648
000168 0.7017114914425427
000169 0.8732227488151659
000170 0.7967853042479908
000171 0.42857142857142855
000172 0.8043694141012909
000173 0.9357142857142857
000174 0.8518114955053119
000175 0.8698630136986302
000176 0.8527131782945736
000177 0.8149606299212598
000178 0.801621958827199
000179 0.8311068702290076
000180 0.8972614686900401
000181 0.9482507288629738
000182 0.952580560649725
000183 0.782608695652174
000184 0.9724770642201835
000185 0.7881918819188192
000186 0.5763546798029556
000187 0.6401468788249693
000188 0.8755208333333333
000189 0.8140172278778387
000190 0.763774258309168
000191 0.6981339187705817
000192 0.6764705882352942
000193 0.7172413793103448
000194 0.7937569676700111
000195 0.7827027027027027
000196 0.9105356091818717
000197 0.9033333333333333
000198 0.7195121951219512
000199 0.764330737856878
000200 0.7142857142857143
000201 0.8021390374331551
000202 0.9238952536824877
000203 0.8787095185322005
000204 0.5
000205 0.9065858901700214
000206 0.8862901219208759
000207 0.9042145593869731
000208 0.8602654176424668
000209 0.7948448185165702
000210 0.8783406461906661
000211 0.623642943305187
000212 0.8059701492537313
000213 0.9102564102564102
000214 0.6244131455399061
000215 0.9028940444869649
000216 0.8996282527881041
000217 0.8003255561584374
000218 0.704052780395853
000219 0.7708415645989727
000220 0.9568
000221 0.7483660130718954
000222 0.893760539629005
000223 0.8838323353293414
000224 0.9609872611464968
000225 0.822680412371134
000226 0.9300388672959466
000227 0.6302521008403361
000228 0.898936170212766
000229 0.7686915887850467
000230 0.7877758913412564
000231 1.0
000232 0.8042328042328042
000233 0.745879299156392
000234 0.7471751412429378
000235 0.8044974759063791
000236 0.8646341463414634
000237 0.9756275009094216
000238 0.5630965005302226
000239 0.9369411764705883
000241 0.971764705882353
000242 0.9168687982359427
000243 0.7155963302752294
000244 0.7552742616033755
000245 0.7264325323475046
000246 0.7282608695652174
000247 0.75
000248 0.4
000249 0.9317579955184355
000250 0.8117892782548155
000251 0.9173635022134776
000252 0.753393665158371
000253 0.7416666666666667
000254 0.8190709046454768
000255 0.9535088362543082
000256 0.8149864812668984
000257 0.723404255319149
000258 0.7257142857142858
000259 0.9061082024432809
000260 0.8823731138545954
000261 0.873546511627907
000262 0.17756388981081977
000263 0.9253731343283582
000264 0.9371496016524048
000265 0.8113207547169812
000266 0.914795918367347
000267 0.9012296707655693
000268 0.7068723702664796
000269 0.9165890027958994
000270 0.8130193905817175
000271 0.8383545770567786
000272 0.8571428571428571
000273 0.9206076618229855
000274 0.9244132000929584
000275 0.8289085545722714
000276 0.8029993183367417
000277 0.9145695364238411
000278 0.8042918454935623
000279 0.883935434281322
000280 0.9730958696475938
000281 0.9216741405082213
000282 0.6875
000284 0.8212328767123288
000285 0.9546092653252223
000286 0.8333333333333334
000288 0.9844742413549753
000289 0.8511749347258486
000290 0.9705512909979065
000291 0.828125
000292 0.7636363636363637
000293 0.9122261117593673
000294 0.9128697042366107
000295 0.7826666666666666
000296 0.826797385620915
000297 0.7663551401869159
000298 0.9211995002082466
000299 0.8038095238095239
000300 0.8587243015287296
000301 0.5454545454545454
000302 0.9033457249070632
