000001 0.8403908794788274
000002 0.49246231155778897
000003 0.7515151515151515
000004 0.5362997658079626
000005 0.5260770975056689
000006 0.5332369942196532
000007 0.6101694915254238
000008 0.9309428950863213
000009 0.3333333333333333
000010 0.20161290322580644
000011 0.4479553903345725
000012 0.34540389972144847
000013 0.5853658536585366
000014 0.8888888888888888
000015 0.20719424460431654
000016 0.5408560311284046
000017 0.3880597014925373
000018 0.4981203007518797
000019 0.3893129770992366
000020 0.7134502923976608
000021 0.41102756892230574
000022 0.4688601645123384
000023 0.9092841956059532
000024 0.14802065404475043
000025 0.30589430894308944
000026 0.4786885245901639
000027 0.6024096385542169
000028 0.38181818181818183
000029 0.6307821698906644
000030 0.34210526315789475
000031 0.2146938775510204
000032 0.41637010676156583
000033 0.4900398406374502
000034 0.6866359447004609
000035 0.4050632911392405
000036 0.33783783783783783
000037 0.6866359447004609
000038 0.5772058823529411
000039 0.632295719844358
000040 0.3918918918918919
000041 0.22264150943396227
000042 0.46153846153846156
000043 0.17699115044247787
000044 0.6327433628318584
000045 0.6428571428571429
000046 0.3442622950819672
000047 0.475
000048 0.3103448275862069
000049 0.2727272727272727
000050 0.8798498122653317
000051 0.3483606557377049
000052 0.4038800705467372
000053 0.2596491228070175
000054 0.5950960901259112
000055 0.45112781954887216
000056 0.28534031413612565
000057 0.7317073170731707
000058 0.3609022556390977
000059 0.13245033112582782
000060 0.47950819672131145
000062 0.32684824902723736
000063 0.3064516129032258
000064 0.26857142857142857
000065 0.2909090909090909
000066 0.25
000067 0.42455242966751916
000068 0.5203996669442131
000069 0.5392376681614349
000070 0.3084507042253521
000071 0.3411764705882353
000072 0.4843137254901961
000073 0.2857142857142857
000074 0.4830387004300048
000075 0.2548476454293629
000076 0.24896265560165975
000077 0.08333333333333333
000078 0.2222222222222222
000079 0.16346153846153846
000080 0.9534883720930233
000081 0.2
000082 0.49206349206349204
000083 0.48444444444444446
000084 0.6377295492487479
000085 0.5161290322580645
000086 0.44664031620553357
000087 0.4846938775510204
000088 0.0
000089 0.5964453737584945
000090 0.4460431654676259
000091 0.1946564885496183
000092 0.48484848484848486
000093 0.5699797160243407
000094 0.5783783783783784
000095 0.28541076487252126
000096 0.1736842105263158
000097 0.4324202963628199
000098 0.8571428571428571
000099 0.25301204819277107
000100 0.37583892617449666
000101 0.75
000102 0.25471698113207547
000103 0.6378600823045267
000104 0.4292929292929293
000105 0.3818770226537217
000106 0.8505747126436781
000107 0.3
000108 0.3447204968944099
000109 0.6577380952380952
000110 0.2903225806451613
000111 0.25257731958762886
000112 0.49034749034749037
000113 0.4875886524822695
000114 0.22962962962962963
000115 0.23076923076923078
000116 0.2987012987012987
000117 0.5
000118 0.4318181818181818
000119 0.14209115281501342
000120 0.4666666666666667
000121 0.6709163346613546
000122 0.36774193548387096
000123 0.42168674698795183
000124 0.6972318339100346
000125 0.6166365280289331
000126 0.7755102040816326
000127 0.3851851851851852
000128 0.11971830985915492
000129 0.37333333333333335
000130 0.1832797427652733
000131 0.335431654676259
000132 0.40027137042062416
000133 0.3393316195372751
000134 0.6179775280898876
000135 0.16790648246546228
000136 0.34579439252336447
000137 0.34103156274056967
000138 0.6089108910891089
000139 0.441747572815534
000140 0.0
000141 0.5734214390602056
000142 0.44975124378109455
000143 0.09090909090909091
000144 0.5402298850574713
000145 0.22641509433962265
000146 0.2222222222222222
000147 0.41000543773790105
000148 0.14136125654450263
000149 0.28774928774928776
000150 0.4864864864864865
000151 0.5412541254125413
000152 0.37942122186495175
000153 0.35502958579881655
000154 0.3990228013029316
000155 0.4105461393596987
000156 0.6149068322981367
000157 0.0
000158 0.15942028985507245
000159 0.394919168591224
000160 0.635091496232508
000161 0.24793388429752067
000162 0.18197725284339458
000163 0.21367521367521367
000164 0.10344827586206896
000165 0.8869475847893115
000166 0.5476190476190477
000167 0.18840579710144928
000168 0.4020618556701031
000169 0.3090128755364807
000170 0.20819848975188782
000171 0.36363636363636365
000172 0.27
000173 0.47619047619047616
000174 0.23631123919308358
000175 0.23809523809523808
000176 0.6842105263157895
000177 0.7466666666666667
000178 0.31773879142300193
000179 0.3355048859934853
000180 0.40165876777251186
000181 0.15803108808290156
000182 0.39592430858806404
000183 0.14285714285714285
000184 0.4375
000185 0.15555555555555556
000186 0.32
000187 0.17452830188679244
000188 0.3339787028073572
000189 0.7863247863247863
000190 0.42128279883381925
000191 0.26666666666666666
000192 0.125
000193 0.25925925925925924
000194 0.3559322033898305
000195 0.6885245901639344
000196 0.6025641025641025
000197 0.4444444444444444
000198 0.32
000199 0.12224
000200 0.10526315789473684
000201 0.46875
000202 0.7629427792915532
000203 0.3752749670039595
000204 0.25
000205 0.807832422586521
000206 0.48523206751054854
000207 0.8947368421052632
000208 0.5722379603399433
000209 0.5571095571095571
000210 0.14962962962962964
000211 0.2727272727272727
000212 0.6
000213 0.4411764705882353
000214 0.125
000215 0.3839779005524862
000216 0.6935483870967742
000217 0.7223587223587223
000218 0.2155688622754491
000219 0.3282967032967033
000220 0.8187919463087249
000221 0.37662337662337664
000222 0.5298578199052133
000223 0.43112513144058884
000224 0.1856763925729443
000225 0.5555555555555556
000226 0.4400749063670412
000227 0.3088803088803089
000228 0.6385542168674698
000229 0.47992351816443596
000230 0.48872180451127817
000231 0.0
000232 0.2978723404255319
000233 0.4214721050164088
000234 0.4794188861985472
000235 0.4258823529411765
000236 0.31666666666666665
000237 0.34926958831341304
000238 0.44052863436123346
000239 0.5077951002227171
000241 0.7992047713717694
000242 0.6963350785340314
000243 0.22413793103448276
000244 0.23157894736842105
000245 0.32558139534883723
000246 0.28703703703703703
000247 0.3333333333333333
000248 0.0
000249 0.5782055689240289
000250 0.31351351351351353
000251 0.4014084507042254
000252 0.5454545454545454
000253 0.3
000254 0.44021739130434784
000255 0.7598064187468161
000256 0.39864864864864863
000257 0.17391304347826086
000258 0.36046511627906974
000259 0.6813922356091031
000260 0.7495291902071564
000261 0.33495145631067963
000262 0.3405714285714286
000263 0.16666666666666666
000264 0.49852507374631266
000265 0.6086956521739131
000266 0.39761092150170646
000267 0.3194070080862534
000268 0.3120567375886525
000269 0.1494057724957555
000270 0.375
000271 0.2884801548886738
000272 0.0
000273 0.7371505861136158
000274 0.8810885426937488
000275 0.65
000276 0.5928338762214984
000277 0.5066964285714286
000278 0.30945558739255014
000279 0.3018181818181818
000280 0.934071000461042
000281 0.34759358288770054
000282 0.2
000284 0.31362467866323906
000285 0.6140065146579805
000286 0.0
000288 0.9622641509433962
000289 0.7034482758620689
000290 0.5602294455066922
000291 0.5285714285714286
000292 0.25316455696202533
000293 0.32879377431906615
000294 0.3401360544217687
000295 0.47692307692307695
000296 0.19875776397515527
000297 0.3
000298 0.4868532654792197
000299 0.5645161290322581
000300 0.5625
000301 0.0
000302 0.35668789808917195
