000001 0.5333333333333333
000002 0.7984527687296417
000003 0.9085648148148148
000004 0.6439393939393939
000005 0.981941309255079
000006 0.9728571428571429
000007 0.9661016949152542
000008 0.9698981850376273
000009 0.7622950819672131
000010 0.8120805369127517
000011 0.9688073394495413
000012 0.9035087719298246
000013 0.7090909090909091
000014 0.9444444444444444
000015 0.8609625668449198
000016 0.9459798994974874
000017 0.8086642599277978
000018 0.9757462686567164
000019 0.9658119658119658
000020 0.726027397260274
000021 0.5804940374787053
000022 0.9458544839255499
000023 0.9791666666666666
000024 0.7915360501567398
000025 0.7936371453138436
000026 0.8475920679886686
000027 0.7798165137614679
000028 0.9690721649484536
000029 0.9115977291159773
000030 0.6268656716417911
000031 0.9951060358890701
000032 0.6181818181818182
000033 0.6387795275590551
000034 0.833116036505867
000035 0.6875
000036 0.6428571428571429
000037 0.7754237288135594
000038 0.6723484848484849
000039 0.951310861423221
000040 0.6687116564417178
000041 0.8215613382899628
000042 1.0
000043 0.9911504424778761
000044 0.7028985507246377
000045 0.9285714285714286
000046 0.6330275229357798
000047 0.7983539094650206
000048 0.9310344827586207
000049 1.0
000050 0.966707768187423
000051 0.6506666666666666
000052 0.6115241635687733
000053 0.9185667752442996
000054 0.9213412723284237
000055 0.6344294003868471
000056 0.9496221662468514
000057 1.0
000058 0.8905109489051095
000059 0.9933993399339934
000060 0.933597621407334
000062 0.9883268482490273
000063 0.9758064516129032
000064 0.8898377455166524
000065 0.5601851851851852
000066 0.875
000067 0.8058302967204581
000068 0.9741591468416735
000069 0.7377472055030094
000070 0.740484429065744
000071 0.9651162790697675
000072 0.7648026315789473
000073 0.6712328767123288
000074 0.7962891379976808
000075 0.884393063583815
000076 0.8805970149253731
000077 1.0
000078 0.9733333333333334
000079 0.5191146881287726
000080 0.8888888888888888
000081 0.575
000082 0.6421052631578947
000083 0.6275510204081632
000084 0.9019933554817275
000085 0.667953667953668
000086 0.6517189835575485
000087 0.6785714285714286
000088 1.0
000089 0.9482133609528741
000090 0.6650124069478908
000091 0.7072463768115942
000092 0.7415730337078652
000093 0.7260579064587973
000094 0.7615658362989324
000095 0.9700765483646486
000096 0.9895287958115183
000097 0.9606368863334808
000098 0.875
000099 0.7467948717948718
000100 0.6231454005934718
000101 0.875
000102 0.46153846153846156
000103 0.6010165184243964
000104 0.9797979797979798
000105 0.6910755148741419
000106 0.9886363636363636
000107 0.6381957773512476
000108 0.7101769911504425
000109 0.9497041420118343
000110 0.7368421052631579
000111 0.9845360824742269
000112 0.7052775873886223
000113 0.9142857142857143
000114 0.7852760736196319
000115 0.9122807017543859
000116 0.7505518763796909
000117 0.7669172932330827
000118 0.8958333333333334
000119 0.85
000120 0.8837209302325582
000121 0.9533437013996889
000122 0.6644444444444444
000123 0.6926070038910506
000124 0.9315960912052117
000125 0.7173566878980892
000126 0.9405940594059405
000127 0.978021978021978
000128 0.5797101449275363
000129 0.7358024691358025
000130 0.9221556886227545
000131 0.731023102310231
000132 0.7302325581395349
000133 0.9670886075949368
000134 0.7112211221122112
000135 0.9148727984344422
000136 0.9626168224299065
000137 0.7361581920903955
000138 0.7544642857142857
000139 0.9611650485436893
000140 1.0
000141 0.9019476158495635
000142 0.899909008189263
000143 1.0
000144 0.8723404255319149
000145 0.45714285714285713
000146 1.0
000147 0.7712334613743065
000148 0.69377990430622
000149 0.6169312169312169
000150 1.0
000151 0.714975845410628
000152 0.9559748427672956
000153 0.9180327868852459
000154 0.9647435897435898
000155 0.7415707236842105
000156 0.7598702001081665
000157 0.7272727272727273
000158 1.0
000159 0.5626631853785901
000160 0.8814150473343298
000161 0.8467023172905526
000162 0.7775157232704403
000163 0.75
000164 1.0
000165 0.9857723577235772
000166 0.6730769230769231
000167 0.47560975609756095
000168 0.6422764227642277
000169 0.9072978303747534
000170 0.8776290630975143
000171 0.5454545454545454
000172 0.9834437086092715
000173 0.9523809523809523
000174 0.9310344827586207
000175 0.9090909090909091
000176 0.9743589743589743
000177 0.922077922077922
000178 0.5613305613305614
000179 0.9682539682539683
000180 0.961046511627907
000181 0.9296116504854369
000182 0.6008733624454149
000183 0.8571428571428571
000184 0.9090909090909091
000185 0.601965601965602
000186 0.5573770491803278
000187 0.7510204081632653
000188 0.8836805555555556
000189 0.7754569190600522
000190 0.704089219330855
000191 0.546617915904936
000192 0.5
000193 0.5454545454545454
000194 0.48698884758364314
000195 0.7585585585585586
000196 0.907843137254902
000197 0.9666666666666667
000198 0.96
000199 0.722194760257044
000200 1.0
000201 0.7017543859649122
000202 0.9863760217983651
000203 0.7537956503898235
000204 0.5
000205 0.8079427083333334
000206 0.9684908789386402
000207 0.8860759493670886
000208 0.812987012987013
000209 0.691768826619965
000210 0.839095744680851
000211 0.5341365461847389
000212 0.725
000213 0.6666666666666666
000214 1.0
000215 0.5800796812749004
000216 0.8209876543209876
000217 0.72875226039783
000218 0.64576802507837
000219 0.8592105263157894
000220 0.7819148936170213
000221 0.7065217391304348
000222 0.9700374531835206
000223 0.9441117764471058
000224 0.986737400530504
000225 0.6643835616438356
000226 0.9685767097966729
000227 0.6442577030812325
000228 0.9470588235294117
000229 0.6627756160830091
000230 0.6779661016949152
000231 1.0
000232 0.8070175438596491
000233 0.8650519031141869
000234 0.96
000235 0.9518348623853211
000236 0.6544715447154471
000237 0.9103030303030303
000238 0.7332155477031802
000239 0.6927899686520376
000241 0.9823529411764705
000242 0.9632623071271125
000243 0.7878787878787878
000244 0.5985915492957746
000245 0.5828220858895705
000246 0.7028985507246377
000247 0.5
000248 1.0
000249 0.9555329260013578
000250 0.699922660479505
000251 0.9229508196721311
000252 0.7622641509433963
000253 0.5277777777777778
000254 0.94579945799458
000255 0.9337570276216084
000256 0.637065637065637
000257 0.7931034482758621
000258 0.5506329113924051
000259 0.7813953488372093
000260 0.6834285714285714
000261 0.9830508474576272
000262 0.9424778761061947
000263 0.9672131147540983
000264 0.9990167158308751
000265 0.7615062761506276
000266 0.9744897959183674
000267 0.9682959048877147
000268 0.9509345794392523
000269 0.90527950310559
000270 0.7419354838709677
000271 0.9855212355212355
000272 0.5
000273 0.9757815940114487
000274 0.9668861347792409
000275 0.9215686274509803
000276 0.6409090909090909
000277 0.977924944812362
000278 0.9542857142857143
000279 0.690537084398977
000280 0.9044612794612794
000281 0.7390438247011952
000282 0.4
000284 0.867579908675799
000285 0.9439252336448598
000286 0.25
000288 1.0
000289 0.7782608695652173
000290 0.9604651162790697
000291 0.6666666666666666
000292 0.7878787878787878
000293 0.8785652549697494
000294 0.9031971580817052
000295 0.6311111111111111
000296 0.8747731397459165
000297 0.7575757575757576
000298 0.9644641865630206
000299 0.4620253164556962
000300 0.9156414762741653
000301 1.0
000302 0.9629629629629629
