000001 0.689419795221843
000002 0.8875255623721882
000003 0.9517409896151496
000004 0.7212336892052195
000005 0.9908675799086758
000006 0.9861818181818182
000007 0.9827586206896551
000008 0.9847191011235955
000009 0.8449197860962567
000010 0.8962962962962963
000011 0.9841269841269841
000012 0.9492112350904194
000013 0.8174904942965779
000014 0.9714285714285714
000015 0.9246376811594202
000016 0.972168284789644
000017 0.8933601609657947
000018 0.987724268177526
000019 0.9825517993456925
000020 0.839572192513369
000021 0.6366654371080782
000022 0.9721416134648868
000023 0.9894510995887716
000024 0.8771929824561403
000025 0.88360814742968
000026 0.9167955459325704
000027 0.8736842105263158
000028 0.9842931937172775
000029 0.9529969814575248
000030 0.5901639344262295
000031 0.9975470155355682
000032 0.6802030456852792
000033 0.7793144918821407
000034 0.9087018544935807
000035 0.7540983606557377
000036 0.6666666666666666
000037 0.8691358024691358
000038 0.6666666666666666
000039 0.9747081712062257
000040 0.777319587628866
000041 0.9016393442622951
000042 1.0
000043 0.9955555555555555
000044 0.7296703296703296
000045 0.9629629629629629
000046 0.6923076923076923
000047 0.8863109048723898
000048 0.9642857142857143
000049 1.0
000050 0.9830081812460667
000051 0.700228832951945
000052 0.6281138790035588
000053 0.9575551782682513
000054 0.9589668137976132
000055 0.6631016042780749
000056 0.9741602067183462
000057 1.0
000058 0.9416342412451362
000059 0.9966887417218543
000060 0.9654817104585265
000062 0.9941291585127201
000063 0.9877551020408163
000064 0.9414965986394558
000065 0.5320197044334976
000066 0.9333333333333333
000067 0.8916642462968342
000068 0.9868777338054572
000069 0.8423772609819121
000070 0.8418833450456782
000071 0.9822485207100592
000072 0.8565697091273822
000073 0.7142857142857143
000074 0.8862016843014467
000075 0.9384885764499121
000076 0.9362549800796812
000077 1.0
000078 0.9864864864864865
000079 0.41849148418491483
000080 0.9318181818181818
000081 0.6666666666666666
000082 0.6909090909090909
000083 0.6620370370370371
000084 0.9483814523184602
000085 0.6895306859205776
000086 0.5677179962894249
000087 0.660377358490566
000088 1.0
000089 0.973404255319149
000090 0.7874015748031497
000091 0.8153564899451554
000092 0.8516129032258064
000093 0.750253807106599
000094 0.8112676056338028
000095 0.9847895295366113
000096 0.9947368421052631
000097 0.9798779109201899
000098 0.9230769230769231
000099 0.8441814595660749
000100 0.5543859649122806
000101 0.9333333333333333
000102 0.38974358974358975
000103 0.7413509060955519
000104 0.9897959183673469
000105 0.8168249660786974
000106 0.9942196531791907
000107 0.3443478260869565
000108 0.8296488946684005
000109 0.9742033383915023
000110 0.8241206030150754
000111 0.9922077922077922
000112 0.8266129032258065
000113 0.9552238805970149
000114 0.8780487804878049
000115 0.9541284403669725
000116 0.849933598937583
000117 0.5724137931034483
000118 0.945054945054945
000119 0.9172141918528253
000120 0.938205265986029
000121 0.9760574620909817
000122 0.7911479944674965
000123 0.5269461077844312
000124 0.9636678200692042
000125 0.6973572037510657
000126 0.9690721649484536
000127 0.9888888888888889
000128 0.7147540983606557
000129 0.8426470588235294
000130 0.959375
000131 0.8398821218074656
000132 0.8415300546448088
000133 0.9832689832689833
000134 0.7474747474747475
000135 0.9554987212276215
000136 0.9809523809523809
000137 0.8397941680960549
000138 0.6292134831460674
000139 0.9801980198019802
000140 1.0
000141 0.948005698005698
000142 0.9472168905950096
000143 1.0
000144 0.9318181818181818
000145 0.6274509803921569
000146 1.0
000147 0.8700920988851187
000148 0.815028901734104
000149 0.7607929515418502
000150 1.0
000151 0.8333333333333334
000152 0.977491961414791
000153 0.9570200573065902
000154 0.9819967266775778
000155 0.8426980352897009
000156 0.6763848396501457
000157 0.8421052631578947
000158 1.0
000159 0.7144075021312873
000160 0.9363636363636364
000161 0.916504854368932
000162 0.872003618272275
000163 0.851063829787234
000164 1.0
000165 0.9927536231884058
000166 0.7901234567901234
000167 0.4860557768924303
000168 0.7777777777777778
000169 0.9511941848390446
000170 0.9347604485219164
000171 0.7058823529411765
000172 0.9916247906197655
000173 0.975609756097561
000174 0.9642857142857143
000175 0.9523809523809523
000176 0.987012987012987
000177 0.9594594594594594
000178 0.6459731543624161
000179 0.9835526315789473
000180 0.9801127931136836
000181 0.9635220125786164
000182 0.7484865162355531
000183 0.9230769230769231
000184 0.9523809523809523
000185 0.3305785123966942
000186 0.6966292134831461
000187 0.8463476070528967
000188 0.9382488479262673
000189 0.8704819277108434
000190 0.6846275752773375
000191 0.6038338658146964
000192 0.6666666666666666
000193 0.6
000194 0.5460526315789473
000195 0.7657342657342657
000196 0.9514963880288958
000197 0.9830508474576272
000198 0.9795918367346939
000199 0.8317365269461078
000200 1.0
000201 0.746268656716418
000202 0.9931412894375857
000203 0.8559769563130101
000204 0.6666666666666666
000205 0.8670572329878323
000206 0.9839527027027027
000207 0.8860759493670886
000208 0.8918918918918919
000209 0.7904761904761904
000210 0.9117432530999271
000211 0.45794392523364486
000212 0.7317073170731707
000213 0.7911111111111111
000214 1.0
000215 0.7256637168141593
000216 0.768
000217 0.8157248157248157
000218 0.6319218241042345
000219 0.9234073013600572
000220 0.8761329305135952
000221 0.8163265306122449
000222 0.9847764034253093
000223 0.9711637487126673
000224 0.9933244325767691
000225 0.7655502392344498
000226 0.9839773798303487
000227 0.7402862985685071
000228 0.972809667673716
000229 0.7357723577235772
000230 0.7799227799227799
000231 1.0
000232 0.8888888888888888
000233 0.9262062440870388
000234 0.9795918367346939
000235 0.9751870815281607
000236 0.38848920863309355
000237 0.9528061224489796
000238 0.8335170893054025
000239 0.8157894736842105
000241 0.991044776119403
000242 0.9811888638073739
000243 0.8793103448275862
000244 0.7192118226600985
000245 0.6382978723404256
000246 0.8093023255813954
000247 0.6
000248 1.0
000249 0.9772213528082073
000250 0.8183520599250936
000251 0.9599317988064792
000252 0.8524590163934426
000253 0.5142857142857142
000254 0.9721448467966574
000255 0.9656047721792106
000256 0.5451612903225806
000257 0.88
000258 0.5234899328859061
000259 0.8729729729729729
000260 0.7712634186622626
000261 0.9914529914529915
000262 0.9702517162471396
000263 0.9833333333333333
000264 0.999508116084604
000265 0.6850828729281768
000266 0.9870801033591732
000267 0.9838926174496644
000268 0.9748502994011976
000269 0.9502852485737572
000270 0.8435754189944135
000271 0.9927078269324259
000272 0.6666666666666666
000273 0.9876432262412941
000274 0.983121113414273
000275 0.9591836734693877
000276 0.7401315789473685
000277 0.9888143176733781
000278 0.9766081871345029
000279 0.8118195956454122
000280 0.9496339028178389
000281 0.848729792147806
000282 0.5714285714285714
000284 0.9287469287469288
000285 0.9709208400646203
000286 0.4
000288 1.0
000289 0.8197879858657244
000290 0.9798147708382807
000291 0.7746478873239436
000292 0.8727272727272727
000293 0.9352086695872723
000294 0.9488982653539616
000295 0.6844106463878327
000296 0.9318854886475815
000297 0.8571428571428571
000298 0.9818902093944539
000299 0.5251396648044693
000300 0.9551401869158879
000301 1.0
000302 0.9810126582278481
