000001 0.4564102564102564
000002 0.4022801302931596
000003 0.7245370370370371
000004 0.5303030303030303
000005 0.5259593679458239
000006 0.5314285714285715
000007 0.6101694915254238
000008 0.9309428950863213
000009 0.3442622950819672
000010 0.16778523489932887
000011 0.44403669724770645
000012 0.3190789473684211
000013 0.49393939393939396
000014 0.8888888888888888
000015 0.20053475935828877
000016 0.5263819095477387
000017 0.38267148014440433
000018 0.4944029850746269
000019 0.38461538461538464
000020 0.5662100456621004
000021 0.42248722316865417
000022 0.4512126339537507
000023 0.9081920903954802
000024 0.18181818181818182
000025 0.2691315563198624
000026 0.4215297450424929
000027 0.47706422018348627
000028 0.3788659793814433
000029 0.6236820762368208
000030 0.5091210613598673
000031 0.21451876019575855
000032 0.4484848484848485
000033 0.3641732283464567
000034 0.5853976531942634
000035 0.475
000036 0.4642857142857143
000037 0.6610169491525424
000038 0.6420454545454546
000039 0.6217228464419475
000040 0.401840490797546
000041 0.22304832713754646
000042 0.46153846153846156
000043 0.17699115044247787
000044 0.6473429951690821
000045 0.6428571428571429
000046 0.41284403669724773
000047 0.40329218106995884
000048 0.3103448275862069
000049 0.2727272727272727
000050 0.8705302096177558
000051 0.4693333333333333
000052 0.4962825278810409
000053 0.24104234527687296
000054 0.5650266374177374
000055 0.5067698259187621
000056 0.27455919395465994
000057 0.7317073170731707
000058 0.35766423357664234
000059 0.132013201320132
000060 0.46878097125867196
000062 0.32684824902723736
000063 0.3064516129032258
000064 0.24423569598633646
000065 0.4583333333333333
000066 0.25
000067 0.3524206142634045
000068 0.5151763740771124
000069 0.45055889939810834
000070 0.3021914648212226
000071 0.3372093023255814
000072 0.46875
000073 0.4520547945205479
000074 0.3938925396211828
000075 0.23038810900082576
000076 0.22761194029850745
000077 0.08333333333333333
000078 0.21866666666666668
000079 0.41448692152917505
000080 0.8888888888888888
000081 0.275
000082 0.5031578947368421
000083 0.5408163265306123
000084 0.6362126245847176
000085 0.5463320463320464
000086 0.5919282511210763
000087 0.6084183673469388
000088 0.0
000089 0.5914034179181771
000090 0.3523573200992556
000091 0.20869565217391303
000092 0.3595505617977528
000093 0.6275055679287305
000094 0.6298932384341637
000095 0.2818371607515658
000096 0.17277486910994763
000097 0.4281291463954003
000098 0.875
000099 0.26282051282051283
000100 0.5548961424332344
000101 0.75
000102 0.4117647058823529
000103 0.42312579415501905
000104 0.4292929292929293
000105 0.2723112128146453
000106 0.8522727272727273
000107 0.6180422264875239
000108 0.25
000109 0.6538461538461539
000110 0.3233082706766917
000111 0.25257731958762886
000112 0.35092529129540784
000113 0.46218487394957986
000114 0.20245398773006135
000115 0.21052631578947367
000116 0.2980132450331126
000117 0.7424812030075187
000118 0.3958333333333333
000119 0.14523809523809525
000120 0.4186046511627907
000121 0.6570762052877138
000122 0.2822222222222222
000123 0.6575875486381323
000124 0.6807817589576547
000125 0.6632165605095541
000126 0.7623762376237624
000127 0.38095238095238093
000128 0.13526570048309178
000129 0.30493827160493825
000130 0.17365269461077845
000131 0.3333333333333333
000132 0.3569767441860465
000133 0.3341772151898734
000134 0.6468646864686468
000135 0.15557729941291584
000136 0.34579439252336447
000137 0.29491525423728815
000138 0.7291666666666666
000139 0.441747572815534
000140 0.0
000141 0.5325721961047682
000142 0.41310282074613286
000143 0.09090909090909091
000144 0.5
000145 0.11428571428571428
000146 0.2222222222222222
000147 0.32693128467776356
000148 0.14832535885167464
000149 0.18589065255731924
000150 0.4864864864864865
000151 0.39855072463768115
000152 0.3710691823899371
000153 0.3333333333333333
000154 0.3958333333333333
000155 0.40789473684210525
000156 0.7230935640886966
000157 0.0
000158 0.15942028985507245
000159 0.23890339425587467
000160 0.5969108121574489
000161 0.2192513368983957
000162 0.1831761006289308
000163 0.21428571428571427
000164 0.10344827586206896
000165 0.8882113821138211
000166 0.5
000167 0.3333333333333333
000168 0.3333333333333333
000169 0.2879684418145957
000170 0.18546845124282982
000171 0.36363636363636365
000172 0.271523178807947
000173 0.47619047619047616
000174 0.22323049001814882
000175 0.22727272727272727
000176 0.6666666666666666
000177 0.7272727272727273
000178 0.3305613305613306
000179 0.346031746031746
000180 0.3953488372093023
000181 0.14805825242718446
000182 0.2445414847161572
000183 0.14285714285714285
000184 0.42424242424242425
000185 0.5552825552825553
000186 0.3114754098360656
000187 0.2163265306122449
000188 0.2994791666666667
000189 0.741514360313316
000190 0.5977695167286246
000191 0.3546617915904936
000192 0.1
000193 0.36363636363636365
000194 0.3345724907063197
000195 0.7423423423423423
000196 0.5568627450980392
000197 0.4444444444444444
000198 0.32
000199 0.1300049431537321
000200 0.10526315789473684
000201 0.5263157894736842
000202 0.7629427792915532
000203 0.37217890849405005
000204 0.25
000205 0.7591145833333334
000206 0.4792703150912106
000207 0.8734177215189873
000208 0.5662337662337662
000209 0.5288966725043783
000210 0.1422872340425532
000211 0.46987951807228917
000212 0.65
000213 0.3546099290780142
000214 0.125
000215 0.24621513944223108
000216 0.7901234567901234
000217 0.6600361663652803
000218 0.45454545454545453
000219 0.325
000220 0.6595744680851063
000221 0.3695652173913043
000222 0.5243445692883895
000223 0.4121756487025948
000224 0.1856763925729443
000225 0.5273972602739726
000226 0.43807763401109057
000227 0.36134453781512604
000228 0.6235294117647059
000229 0.5188067444876784
000230 0.4745762711864407
000231 0.0
000232 0.2807017543859649
000233 0.4070069204152249
000234 0.46588235294117647
000235 0.42048929663608564
000236 0.6219512195121951
000237 0.3236363636363636
000238 0.41872791519434627
000239 0.36990595611285265
000241 0.7941176470588235
000242 0.6891991182953711
000243 0.21212121212121213
000244 0.23943661971830985
000245 0.38650306748466257
000246 0.2971014492753623
000247 0.25
000248 0.0
000249 0.5726408689748812
000250 0.2482598607888631
000251 0.3737704918032787
000252 0.5283018867924528
000253 0.4444444444444444
000254 0.43902439024390244
000255 0.7330725983867025
000256 0.5714285714285714
000257 0.1724137931034483
000258 0.5
000259 0.622093023255814
000260 0.6045714285714285
000261 0.3341404358353511
000262 0.334070796460177
000263 0.16393442622950818
000264 0.49852507374631266
000265 0.7364016736401674
000266 0.39625850340136054
000267 0.3130779392338177
000268 0.308411214953271
000269 0.13664596273291926
000270 0.3225806451612903
000271 0.2876447876447876
000272 0.0
000273 0.7278731836195509
000274 0.8677381874515879
000275 0.6372549019607843
000276 0.5431818181818182
000277 0.5033112582781457
000278 0.30857142857142855
000279 0.23529411764705882
000280 0.8564814814814815
000281 0.26593625498007967
000282 0.2
000284 0.2831050228310502
000285 0.5950155763239875
000286 0.0
000288 0.9623529411764706
000289 0.717391304347826
000290 0.546046511627907
000291 0.4791666666666667
000292 0.26262626262626265
000293 0.29429559204840106
000294 0.31527531083481347
000295 0.5066666666666667
000296 0.19237749546279492
000297 0.30303030303030304
000298 0.47917823431426987
000299 0.3860759493670886
000300 0.539543057996485
000301 0.0
000302 0.35185185185185186
