000001 0.9869706840390879
000002 0.9814070351758793
000003 0.9442424242424242
000004 0.711943793911007
000005 0.9841269841269841
000006 0.9797687861271677
000007 0.9661016949152542
000008 0.9698981850376273
000009 0.9404761904761905
000010 0.9758064516129032
000011 0.9795539033457249
000012 0.9816951850378034
000013 0.8739837398373984
000014 0.9444444444444444
000015 0.9179856115107914
000016 0.9740596627756161
000017 0.8283582089552238
000018 0.9830827067669173
000019 0.9825517993456925
000020 0.9181286549707602
000021 0.720969089390142
000022 0.9841363102232668
000023 0.9805102763997166
000024 0.8175559380378657
000025 0.9258130081300813
000026 0.9718032786885246
000027 1.0
000028 0.9766233766233766
000029 0.9293523969722456
000030 0.6090225563909775
000031 0.9959183673469387
000032 0.7153024911032029
000033 0.8605577689243028
000034 0.978494623655914
000035 0.7278481012658228
000036 0.6756756756756757
000037 0.8110599078341014
000038 0.6360294117647058
000039 0.9747081712062257
000040 0.7277992277992278
000041 0.8301886792452831
000042 1.0
000043 0.9911504424778761
000044 0.7345132743362832
000045 0.9285714285714286
000046 0.7377049180327869
000047 0.955
000048 0.9310344827586207
000049 1.0
000050 0.9774718397997497
000051 0.6270491803278688
000052 0.6225749559082893
000053 0.9894736842105263
000054 0.9718356527501657
000055 0.6992481203007519
000056 0.9869109947643979
000057 1.0
000058 0.9097744360902256
000059 0.9966887417218543
000060 0.9600409836065574
000062 0.9883268482490273
000063 0.9758064516129032
000064 0.9885714285714285
000065 0.4909090909090909
000066 0.875
000067 0.981457800511509
000068 0.9862614487926727
000069 0.9136771300448431
000070 0.8436619718309859
000071 0.9764705882352941
000072 0.8372549019607843
000073 0.6122448979591837
000074 0.9804108934543717
000075 0.9861495844875346
000076 0.975103734439834
000077 1.0
000078 0.989159891598916
000079 0.41346153846153844
000080 0.9534883720930233
000081 0.68
000082 0.753968253968254
000083 0.6355555555555555
000084 0.9048414023372288
000085 0.7701612903225806
000086 0.6047430830039525
000087 0.625
000088 1.0
000089 0.9566126502875065
000090 0.8992805755395683
000091 0.851145038167939
000092 1.0
000093 0.7494929006085193
000094 0.7783783783783784
000095 0.9858356940509915
000096 0.9947368421052631
000097 0.9730579254602605
000098 0.8571428571428571
000099 0.8594377510040161
000100 0.5302013422818792
000101 0.875
000102 0.3584905660377358
000103 0.9259259259259259
000104 0.9797979797979798
000105 0.9741100323624595
000106 0.9885057471264368
000107 0.38076923076923075
000108 0.9906832298136646
000109 0.9553571428571429
000110 0.8817204301075269
000111 0.9845360824742269
000112 0.9893822393822393
000113 0.9645390070921985
000114 0.9333333333333333
000115 1.0
000116 0.8311688311688312
000117 0.5928571428571429
000118 0.9772727272727273
000119 0.935656836461126
000120 0.9864406779661017
000121 0.9745019920318725
000122 0.9225806451612903
000123 0.5301204819277109
000124 0.9636678200692042
000125 0.7396021699819169
000126 0.9591836734693877
000127 0.9888888888888889
000128 0.7676056338028169
000129 0.955
000130 0.9871382636655949
000131 0.7688848920863309
000132 0.835820895522388
000133 0.9820051413881749
000134 0.7275280898876404
000135 0.9925611052072264
000136 0.9626168224299065
000137 0.9422632794457275
000138 0.693069306930693
000139 0.9611650485436893
000140 1.0
000141 0.9772393538913363
000142 0.982089552238806
000143 1.0
000144 0.9425287356321839
000145 0.9056603773584906
000146 1.0
000147 0.9760739532354541
000148 0.7382198952879581
000149 0.9840455840455841
000150 1.0
000151 0.9735973597359736
000152 0.977491961414791
000153 0.9881656804733728
000154 0.9771986970684039
000155 0.792608286252354
000156 0.7204968944099379
000157 0.7272727272727273
000158 1.0
000159 0.9676674364896074
000160 0.9424111948331539
000161 0.9752066115702479
000162 0.8433945756780402
000163 0.8547008547008547
000164 1.0
000165 0.9856115107913669
000166 0.7619047619047619
000167 0.4420289855072464
000168 0.7938144329896907
000169 0.9828326180257511
000170 0.9892125134843581
000171 0.5454545454545454
000172 0.9866666666666667
000173 0.9523809523809523
000174 0.9855907780979827
000175 0.9523809523809523
000176 1.0
000177 0.9466666666666667
000178 0.7504873294346979
000179 0.9739413680781759
000180 0.9780805687203792
000181 0.9922279792746114
000182 0.9898107714701602
000183 0.8571428571428571
000184 0.9375
000185 0.2962962962962963
000186 0.62
000187 0.7924528301886793
000188 0.9854791868344628
000189 0.8233618233618234
000190 0.6297376093294461
000191 0.6
000192 0.625
000193 0.5555555555555556
000194 0.7033898305084746
000195 0.7180327868852459
000196 0.9850427350427351
000197 0.9666666666666667
000198 0.96
000199 0.88896
000200 1.0
000201 0.78125
000202 0.9863760217983651
000203 0.7844258688957325
000204 0.5
000205 0.8761384335154827
000206 0.9831223628691983
000207 0.9210526315789473
000208 0.8413597733711048
000209 0.7738927738927739
000210 0.9259259259259259
000211 0.4049586776859504
000212 0.75
000213 0.8725490196078431
000214 1.0
000215 0.962707182320442
000216 0.7741935483870968
000217 0.8157248157248157
000218 0.5808383233532934
000219 0.885989010989011
000220 0.9731543624161074
000221 0.7792207792207793
000222 0.981042654028436
000223 0.9915878023133544
000224 0.986737400530504
000225 0.7407407407407407
000226 0.9775280898876404
000227 0.6988416988416989
000228 0.9698795180722891
000229 0.6921606118546845
000230 0.7593984962406015
000231 1.0
000232 0.9361702127659575
000233 0.9179559306141585
000234 0.9878934624697336
000235 0.9709803921568627
000236 0.45
000237 0.9920318725099602
000238 0.8325991189427313
000239 0.9665924276169265
000241 0.9900596421471173
000242 0.975317875841436
000243 0.8793103448275862
000244 0.7684210526315789
000245 0.6976744186046512
000246 0.8055555555555556
000247 1.0
000248 1.0
000249 0.9659676864902028
000250 0.9448648648648649
000251 0.9911971830985915
000252 0.8272727272727273
000253 0.45
000254 0.9483695652173914
000255 0.9689251146204788
000256 0.5709459459459459
000257 0.9565217391304348
000258 0.45348837209302323
000259 0.8647925033467202
000260 0.879472693032015
000261 0.9854368932038835
000262 0.9691428571428572
000263 0.9833333333333333
000264 0.9990167158308751
000265 0.6739130434782609
000266 0.9778156996587031
000267 0.9878706199460916
000268 0.9621749408983451
000269 0.9898132427843803
000270 0.94375
000271 0.9883833494675702
000272 0.5
000273 0.9909828674481514
000274 0.9820548215342142
000275 0.94
000276 0.7328990228013029
000277 0.9866071428571429
000278 0.9570200573065902
000279 0.9490909090909091
000280 0.9866297833102813
000281 0.982620320855615
000282 0.4
000284 0.9717223650385605
000285 0.9788273615635179
000286 1.0
000288 1.0
000289 0.8
000290 0.9861376673040153
000291 0.7857142857142857
000292 0.9113924050632911
000293 0.9863813229571985
000294 0.9834791059280855
000295 0.6923076923076923
000296 0.9772256728778468
000297 0.8
000298 0.9810573932711337
000299 0.7580645161290323
000300 0.9678030303030303
000301 1.0
000302 0.9872611464968153
