000001 0.5297202797202797
000002 0.8100373289091664
000003 0.9593596059113301
000004 0.7307692307692307
000005 0.9977011494252873
000006 0.9926793557833089
000007 1.0
000008 1.0
000009 0.7669902912621359
000010 0.8287671232876712
000011 0.9887429643527205
000012 0.9188081936685288
000013 0.7678571428571429
000014 1.0
000015 0.9313868613138686
000016 0.9702842377260982
000017 0.9694323144104804
000018 0.9924098671726755
000019 0.9825517993456925
000020 0.7733990147783252
000021 0.5700132100396301
000022 0.9604357798165137
000023 0.9985564778058462
000024 0.9462151394422311
000025 0.8450834879406308
000026 0.8676814988290398
000027 0.7757009345794392
000028 0.9920844327176781
000029 0.9778761061946902
000030 0.5724381625441696
000031 0.9991809991809992
000032 0.6483870967741936
000033 0.7120879120879121
000034 0.848202396804261
000035 0.782312925170068
000036 0.6578947368421053
000037 0.9361702127659575
000038 0.7004048582995951
000039 0.9747081712062257
000040 0.834070796460177
000041 0.9865470852017937
000042 1.0
000043 1.0
000044 0.7248908296943232
000045 1.0
000046 0.6521739130434783
000047 0.8268398268398268
000048 1.0
000049 1.0
000050 0.9886075949367089
000051 0.7927461139896373
000052 0.6337522441651705
000053 0.9276315789473685
000054 0.946434333656018
000055 0.6305084745762712
000056 0.9617346938775511
000057 1.0
000058 0.9758064516129032
000059 0.9966887417218543
000060 0.9709844559585492
000062 1.0
000063 1.0
000064 0.8987012987012987
000065 0.5806451612903226
000066 1.0
000067 0.8169238956891964
000068 0.9874947894956232
000069 0.7813998082454459
000070 0.8401122019635343
000071 0.9880952380952381
000072 0.8767967145790554
000073 0.8571428571428571
000074 0.8085106382978723
000075 0.8952221290863369
000076 0.9003831417624522
000077 1.0
000078 0.9838274932614556
000079 0.4236453201970443
000080 0.9111111111111111
000081 0.6538461538461539
000082 0.6375838926174496
000083 0.6908212560386473
000084 0.9963235294117647
000085 0.6241830065359477
000086 0.534965034965035
000087 0.7
000088 1.0
000089 0.9907958852192745
000090 0.7002801120448179
000091 0.7824561403508772
000092 0.7415730337078652
000093 0.7510162601626016
000094 0.8470588235294118
000095 0.9837455830388693
000096 0.9947368421052631
000097 0.9867941712204007
000098 1.0
000099 0.8294573643410853
000100 0.5808823529411765
000101 1.0
000102 0.42696629213483145
000103 0.6181318681318682
000104 1.0
000105 0.7032710280373832
000106 1.0
000107 0.3142857142857143
000108 0.7136465324384788
000109 0.9938080495356038
000110 0.7735849056603774
000111 1.0
000112 0.7098337950138505
000113 0.9460869565217391
000114 0.8289473684210527
000115 0.9122807017543859
000116 0.8695652173913043
000117 0.5533333333333333
000118 0.9148936170212766
000119 0.8994845360824743
000120 0.8944672131147541
000121 0.9776179056754596
000122 0.6924939467312349
000123 0.5238095238095238
000124 0.9636678200692042
000125 0.6596774193548387
000126 0.9791666666666666
000127 0.9888888888888889
000128 0.6687116564417178
000129 0.7539473684210526
000130 0.9331306990881459
000131 0.9253246753246753
000132 0.8473177441540578
000133 0.9845360824742269
000134 0.7685459940652819
000135 0.9211045364891519
000136 1.0
000137 0.7574257425742574
000138 0.5761316872427984
000139 1.0
000140 1.0
000141 0.9204702627939142
000142 0.9147358665430955
000143 1.0
000144 0.9213483146067416
000145 0.48
000146 1.0
000147 0.784871010056843
000148 0.9096774193548387
000149 0.6201077199281867
000150 1.0
000151 0.7283950617283951
000152 0.977491961414791
000153 0.9277777777777778
000154 0.9868421052631579
000155 0.8995458188618755
000156 0.6373626373626373
000157 1.0
000158 1.0
000159 0.5662162162162162
000160 0.9303931987247609
000161 0.8644688644688645
000162 0.9026217228464419
000163 0.847457627118644
000164 1.0
000165 1.0
000166 0.8205128205128205
000167 0.5398230088495575
000168 0.7623762376237624
000169 0.9215291750503019
000170 0.8859903381642512
000171 1.0
000172 0.9966329966329966
000173 1.0
000174 0.9438822447102115
000175 0.9523809523809523
000176 0.9743589743589743
000177 0.9726027397260274
000178 0.5670103092783505
000179 0.9933554817275747
000180 0.982153480071386
000181 0.9364303178484108
000182 0.6017699115044248
000183 1.0
000184 0.967741935483871
000185 0.37383177570093457
000186 0.7948717948717948
000187 0.9081081081081082
000188 0.8953386103781882
000189 0.9233226837060703
000190 0.75
000191 0.6077170418006431
000192 0.7142857142857143
000193 0.6521739130434783
000194 0.44623655913978494
000195 0.8202247191011236
000196 0.9201596806387226
000197 1.0
000198 1.0
000199 0.7814345991561181
000200 1.0
000201 0.7142857142857143
000202 1.0
000203 0.9418911780243
000204 1.0
000205 0.8581623550401427
000206 0.9847844463229078
000207 0.8536585365853658
000208 0.9488817891373802
000209 0.8077858880778589
000210 0.8979885057471264
000211 0.5268817204301075
000212 0.7142857142857143
000213 0.7235772357723578
000214 1.0
000215 0.5822890559732665
000216 0.7619047619047619
000217 0.8157248157248157
000218 0.6928571428571428
000219 0.9641255605381166
000220 0.7967032967032966
000221 0.8571428571428571
000222 0.9885386819484241
000223 0.9515640766902119
000224 1.0
000225 0.7920792079207921
000226 0.9905123339658444
000227 0.7869565217391304
000228 0.9757575757575757
000229 0.7852494577006508
000230 0.8015873015873016
000231 1.0
000232 0.8461538461538461
000233 0.9346062052505967
000234 0.9714285714285714
000235 0.9794303797468354
000236 0.34177215189873417
000237 0.9165644171779141
000238 0.8344370860927153
000239 0.7056910569105691
000241 0.9920318725099602
000242 0.9871309613928841
000243 0.8793103448275862
000244 0.6759259259259259
000245 0.5882352941176471
000246 0.8130841121495327
000247 0.42857142857142855
000248 1.0
000249 0.9887403237156932
000250 0.7217175887696119
000251 0.9305785123966942
000252 0.8792270531400966
000253 0.6
000254 0.9971428571428571
000255 0.9623071085251708
000256 0.5216049382716049
000257 0.8148148148148148
000258 0.6190476190476191
000259 0.8813096862210096
000260 0.6867647058823529
000261 0.9975429975429976
000262 0.9713631156930126
000263 0.9833333333333333
000264 1.0
000265 0.6966292134831461
000266 0.9965217391304347
000267 0.9799465240641712
000268 0.9878640776699029
000269 0.9137931034482759
000270 0.7626262626262627
000271 0.9970703125
000272 1.0
000273 0.9843260188087775
000274 0.9841897233201581
000275 0.9791666666666666
000276 0.7475083056478405
000277 0.9910313901345291
000278 0.9970149253731343
000279 0.7092391304347826
000280 0.9153122326775022
000281 0.7469512195121951
000282 1.0
000284 0.8894117647058823
000285 0.9631410256410257
000286 0.25
000288 1.0
000289 0.8405797101449275
000290 0.9735724398301085
000291 0.7638888888888888
000292 0.8372093023255814
000293 0.889083735203858
000294 0.9166666666666666
000295 0.6766917293233082
000296 0.8905660377358491
000297 0.9230769230769231
000298 0.982724440668366
000299 0.4017094017094017
000300 0.9428044280442804
000301 1.0
000302 0.9748427672955975
