000001 0.5471020687296974
000002 0.7782348389198875
000003 0.8991781456187059
000004 0.5829160977089971
000005 0.9660863667194212
000006 0.9755469755469756
000007 0.9366438356164384
000008 0.9156706507304117
000009 0.764026402640264
000010 0.7844190732034922
000011 0.938257993384785
000012 0.8623538011695906
000013 0.6538344953016065
000014 0.9829545454545454
000015 0.8458450421517463
000016 0.9083825562397889
000017 0.8326102675343456
000018 0.9787075084049309
000019 0.8905164118464663
000020 0.8096109839816934
000021 0.4173305499936097
000022 0.8500338524035207
000023 0.9819858005722157
000024 0.8278405524168236
000025 0.6754989676531314
000026 0.6658355527851759
000027 0.8834862385321101
000028 0.9592678525393142
000029 0.8276113951789628
000030 0.47710683477106836
000031 0.9711954304365565
000032 0.4918065951851103
000033 0.6762968796141352
000034 0.7524468223933185
000035 0.5497491638795987
000036 0.5086083213773315
000037 0.7497875955819882
000038 0.5035984848484848
000039 0.9373710856928558
000040 0.642572130141191
000041 0.8453224002981737
000042 0.974669603524229
000043 0.9804878048780488
000044 0.566142684401451
000045 0.9545454545454546
000046 0.4833948339483395
000047 0.6834088102099629
000048 0.9859154929577465
000049 0.9439252336448598
000050 0.9506355670739233
000051 0.5802403204272363
000052 0.48242514413241583
000053 0.8144397255798759
000054 0.8680919093445346
000055 0.5020337013364323
000056 0.8682619647355164
000057 0.9900249376558603
000058 0.9407027818448024
000059 0.976882430647292
000060 0.8837232355273592
000061 1.0
000062 0.9847715736040609
000063 0.9778225806451613
000064 0.7985482493595217
000065 0.471461716937355
000066 0.9548387096774194
000067 0.7199229527825498
000068 0.9526993764358386
000069 0.6489718661275058
000070 0.7239469128678592
000071 0.9753810082063306
000072 0.6607965766951942
000073 0.5873452544704264
000074 0.679126401236954
000075 0.7592133531647661
000076 0.7746268656716417
000077 1.0
000078 0.9703921045612163
000079 0.5826961770623742
000080 0.6456400742115028
000081 0.461734693877551
000082 0.5667649536647009
000083 0.5502429046279724
000084 0.9496426790759515
000085 0.475381347750531
000086 0.43837870176488186
000087 0.4925944841675179
000088 0.9622641509433962
000089 0.9604206600010361
000090 0.5907623541097591
000091 0.5911858509712961
000092 0.6923509561304837
000093 0.5731870335301326
000094 0.655749377002492
000095 0.9461849067112225
000096 0.9518324607329843
000097 0.9505020568850356
000098 0.6
000099 0.7268637532133676
000100 0.4725437815375482
000101 0.9746835443037974
000102 0.5740153915799004
000103 0.5520528791152918
000104 0.9843117408906883
000105 0.645995423340961
000106 0.9681093394077449
000107 0.32562380038387717
000108 0.6599158919876051
000109 0.94939331163066
000110 0.6240601503759399
000111 0.9782721158820487
000112 0.6003016591251885
000113 0.796501849983182
000114 0.7587908698334361
000115 0.7341549295774648
000116 0.7449768160741885
000117 0.33370934386162815
000118 0.8096234309623431
000119 0.809047619047619
000120 0.8757330637007078
000121 0.8943355119825708
000122 0.6773475745438362
000123 0.35266640716231995
000124 0.9398336866134029
000125 0.45218568357353295
000126 0.958374628344896
000127 0.9776474899230487
000128 0.6280193236714976
000129 0.6341523644894431
000130 0.8243405275779376
000131 0.8688795310048716
000132 0.6548796091659881
000133 0.9300202839756593
000134 0.5307419328216555
000135 0.8090250587314017
000136 0.9859287054409006
000137 0.7180805968462104
000138 0.31044242514524056
000139 0.9592034968431278
000140 0.990909090909091
000141 0.724689284514612
000142 0.8429247860134766
000143 0.9702970297029703
000144 0.7115384615384616
000145 0.49233716475095785
000146 0.8809523809523809
000147 0.6276995305164319
000148 0.920939147101102
000149 0.5727388175532665
000150 0.9864864864864865
000151 0.7126631222812954
000152 0.9360226914591869
000153 0.7871640153592978
000154 0.9082745349583066
000155 0.8080521456624103
000156 0.3517226458975607
000157 0.8514851485148515
000158 0.9941434846266471
000159 0.5675075153574696
000160 0.8494591495937391
000161 0.7788873038516405
000162 0.7886006289308176
000163 0.6865136298421808
000164 0.9824561403508771
000165 0.9266680227827502
000166 0.7387914230019493
000167 0.5660146699266504
000168 0.6277551020408163
000169 0.7438277700967806
000170 0.8451970914657482
000171 0.7211538461538461
000172 0.9874130506790328
000173 0.9712918660287081
000174 0.8371924089712158
000175 0.8835616438356164
000176 0.9354005167958657
000177 0.8883048620236531
000178 0.5191307964233729
000179 0.9780394653087205
000180 0.9138321995464853
000181 0.8099173553719008
000182 0.5390393013100436
000183 0.9701492537313433
000184 0.9662576687116564
000185 0.37047970479704795
000186 0.6108374384236454
000187 0.8159183673469388
000188 0.7495224865428026
000189 0.8342036553524804
000190 0.5565883402736467
000191 0.6571533113794366
000192 0.7
000193 0.5276497695852534
000194 0.5319702602230483
000195 0.5996396396396396
000196 0.7236506378802747
000197 0.9566184649610678
000198 0.8979591836734694
000199 0.6524361604825353
000200 0.9787234042553191
000201 0.4919786096256685
000202 0.9609929078014184
000203 0.8104913188031031
000204 0.8026315789473685
000205 0.6809328382515797
000206 0.9362196234552542
000207 0.510230179028133
000208 0.7913088732760863
000209 0.6466152227288671
000210 0.7393617021276596
000211 0.46680080482897385
000212 0.5125
000213 0.6666666666666666
000214 0.9843014128728415
000215 0.5584436294051985
000216 0.4755114693118413
000217 0.6523783686019171
000218 0.5262496070418108
000219 0.8062434141201265
000220 0.9028815368196371
000221 0.7952069716775599
000222 0.8947812236484587
000223 0.8279097624276303
000224 0.9806160382368561
000225 0.6845360824742268
000226 0.8989450305385897
000227 0.6471412556053812
000228 0.9757539917208752
000229 0.6322212125146047
000230 0.7362761743067345
000231 1.0
000232 0.8250883392226148
000233 0.8692078051313114
000234 0.9498587570621468
000235 0.9325275397796817
000236 0.3223577235772358
000237 0.7972350230414746
000238 0.7073170731707317
000239 0.6295889551302165
000240 0
000241 0.9817575519811691
000242 0.9576626240352811
000243 0.7254601226993865
000244 0.6528169014084507
000245 0.5906288532675709
000246 0.6886792452830188
000247 0.5277777777777778
000248 1.0
000249 0.9345397752351203
000250 0.6993423597678917
000251 0.8194786030496802
000252 0.7271698113207548
000253 0.5277777777777778
000254 0.8864439011138278
000255 0.9462465472145494
000256 0.4279644650444187
000257 0.8113879003558719
000258 0.5282539682539683
000259 0.7700721433558296
000260 0.5093174802789527
000261 0.9335918565196316
000262 0.9399269830733489
000263 0.8820598006644518
000264 0.9898681880779068
000265 0.4320469798657718
000266 0.9744854567103249
000267 0.9502711281576511
000268 0.9721832632071061
000269 0.7142635177128651
000270 0.5801385681293303
000271 0.9845500193124759
000272 0.631578947368421
000273 0.8996873486282971
000274 0.9589046401735224
000275 0.7677165354330708
000276 0.6902272727272727
000277 0.9655629139072848
000278 0.9582260371959943
000279 0.6739297615995898
000280 0.8136920550713654
000281 0.657299451918286
000282 0.5434782608695652
000284 0.7684402831696734
000285 0.8354390890656683
000286 0.4166666666666667
000288 0.9823487879501059
000289 0.6284843205574913
000290 0.890899785986787
000291 0.6958333333333333
000292 0.7505050505050505
000293 0.7628473873017245
000294 0.8167362529981345
000295 0.601600711427301
000296 0.7033405954974582
000297 0.7975077881619937
000298 0.8771832393857774
000299 0.501589319771138
000300 0.916871704745167
000301 1.0
000302 0.9392059553349876
000303 0.7702180028129395
000304 0.8565998972778633
000305 0.974676724137931
000306 0.9355770865204828
000307 0.5353535353535354
000308 0.5
000309 0.6619973632168754
000310 0.833756345177665
000311 0.9702233250620348
000312 0.9833679833679834
000313 0.86775095101312
