000001 0.935042735042735
000002 0.8477198697068404
000003 0.8483796296296297
000004 0.7848484848484848
000005 0.7855530474040632
000006 0.8142857142857143
000007 0.8305084745762712
000008 0.9455511288180611
000009 0.7786885245901639
000010 0.7718120805369127
000011 0.8018348623853211
000012 0.8457602339181286
000013 0.8212121212121212
000014 0.9444444444444444
000015 0.6377005347593583
000016 0.792713567839196
000017 0.6534296028880866
000018 0.8638059701492538
000019 0.6132478632478633
000020 0.908675799086758
000021 0.801107325383305
000022 0.8663282571912013
000023 0.9657485875706214
000024 0.5877742946708464
000025 0.7962166809974205
000026 0.805099150141643
000027 0.9541284403669725
000028 0.7757731958762887
000029 0.7923763179237632
000030 0.7711442786069652
000031 0.7455138662316476
000032 0.795959595959596
000033 0.8041338582677166
000034 0.9282920469361148
000035 0.7125
000036 0.7285714285714285
000037 0.788135593220339
000038 0.8106060606060606
000039 0.8670411985018727
000040 0.6993865030674846
000041 0.5613382899628253
000042 0.8021978021978022
000043 0.7212389380530974
000044 0.8285024154589372
000045 0.9285714285714286
000046 0.7614678899082569
000047 0.8847736625514403
000048 0.896551724137931
000049 0.36363636363636365
000050 0.9346485819975339
000051 0.6586666666666666
000052 0.7630111524163569
000053 0.8566775244299675
000054 0.8558445628329677
000055 0.8065764023210832
000056 0.8564231738035264
000057 0.8048780487804879
000058 0.781021897810219
000059 0.7458745874587459
000060 0.8582755203171457
000062 0.7976653696498055
000063 0.6693548387096774
000064 0.8215200683176772
000065 0.7037037037037037
000066 0.6875
000067 0.9141072358146799
000068 0.7871205906480722
000069 0.820292347377472
000070 0.7958477508650519
000071 0.7441860465116279
000072 0.7549342105263158
000073 0.6712328767123288
000074 0.8631619636644762
000075 0.7613542526837325
000076 0.6791044776119403
000077 0.8333333333333334
000078 0.6293333333333333
000079 0.7263581488933601
000080 0.9629629629629629
000081 0.775
000082 0.84
000083 0.7602040816326531
000084 0.8156146179401993
000085 0.8552123552123552
000086 0.8310911808669657
000087 0.7908163265306123
000088 0.3333333333333333
000089 0.8845157949249094
000090 0.8287841191066998
000091 0.7072463768115942
000092 0.8258426966292135
000093 0.8251670378619154
000094 0.7722419928825622
000095 0.6805845511482255
000096 0.7303664921465969
000097 0.7465723131357807
000098 0.875
000099 0.6378205128205128
000100 0.771513353115727
000101 0.875
000102 0.6742081447963801
000103 0.8983481575603558
000104 0.7424242424242424
000105 0.9405034324942791
000106 0.9545454545454546
000107 0.8378119001919386
000108 0.8672566371681416
000109 0.863905325443787
000110 0.849624060150376
000111 0.6855670103092784
000112 0.9198080877313228
000113 0.788235294117647
000114 0.8466257668711656
000115 0.8245614035087719
000116 0.7461368653421634
000117 0.8853383458646616
000118 0.7291666666666666
000119 0.9142857142857143
000120 0.916076845298281
000121 0.8895800933125972
000122 0.8466666666666667
000123 0.8326848249027238
000124 0.8990228013029316
000125 0.8670382165605095
000126 0.900990099009901
000127 0.717948717948718
000128 0.8405797101449275
000129 0.8345679012345679
000130 0.5389221556886228
000131 0.48432343234323433
000132 0.7744186046511627
000133 0.7367088607594937
000134 0.8127062706270627
000135 0.7857142857142857
000136 0.5794392523364486
000137 0.8779661016949153
000138 0.9032738095238095
000139 0.7815533980582524
000140 0.18181818181818182
000141 0.8542646071188718
000142 0.8334849863512284
000143 0.5454545454545454
000144 0.8404255319148937
000145 0.9142857142857143
000146 1.0
000147 0.8143405889884763
000148 0.5550239234449761
000149 0.9199294532627866
000150 0.6756756756756757
000151 0.7318840579710145
000152 0.779874213836478
000153 0.8688524590163934
000154 0.7740384615384616
000155 0.6036184210526315
000156 0.8891292590589508
000157 0.18181818181818182
000158 0.6811594202898551
000159 0.8720626631853786
000160 0.8131539611360239
000161 0.8021390374331551
000162 0.39622641509433965
000163 0.7
000164 0.7241379310344828
000165 0.9573170731707317
000166 0.7692307692307693
000167 0.6707317073170732
000168 0.7073170731707317
000169 0.7435897435897436
000170 0.7590822179732314
000171 0.5454545454545454
000172 0.6688741721854304
000173 0.7857142857142857
000174 0.808529945553539
000175 0.7727272727272727
000176 0.8974358974358975
000177 0.8571428571428571
000178 0.8316008316008316
000179 0.6349206349206349
000180 0.8418604651162791
000181 0.7912621359223301
000182 0.8995633187772926
000183 0.42857142857142855
000184 0.9090909090909091
000185 0.7542997542997543
000186 0.5409836065573771
000187 0.5551020408163265
000188 0.7534722222222222
000189 0.8342036553524804
000190 0.7605947955390334
000191 0.6855575868372943
000192 0.6
000193 0.7272727272727273
000194 0.8401486988847584
000195 0.8378378378378378
000196 0.8156862745098039
000197 0.8
000198 0.6
000199 0.46786950074147304
000200 0.5263157894736842
000201 0.8421052631578947
000202 0.9509536784741145
000203 0.7599507591300779
000204 0.375
000205 0.884765625
000206 0.7653399668325042
000207 0.9493670886075949
000208 0.7844155844155845
000209 0.7653239929947461
000210 0.7832446808510638
000211 0.6706827309236948
000212 0.875
000213 0.7943262411347518
000214 0.5
000215 0.9426294820717132
000216 0.9012345679012346
000217 0.8499095840867993
000218 0.7210031347962382
000219 0.6934210526315789
000220 0.9627659574468085
000221 0.6956521739130435
000222 0.7752808988764045
000223 0.7954091816367266
000224 0.8541114058355438
000225 0.7602739726027398
000226 0.8040665434380776
000227 0.6722689075630253
000228 0.788235294117647
000229 0.74189364461738
000230 0.7570621468926554
000231 1.0
000232 0.7368421052631579
000233 0.657871972318339
000234 0.7058823529411765
000235 0.7553516819571865
000236 0.8536585365853658
000237 0.9284848484848485
000238 0.8409893992932862
000239 0.8683385579937304
000241 0.9705882352941176
000242 0.881704628949302
000243 0.7121212121212122
000244 0.6830985915492958
000245 0.8282208588957055
000246 0.6956521739130435
000247 1.0
000248 0.5
000249 0.863204344874406
000250 0.839907192575406
000251 0.8295081967213115
000252 0.7622641509433963
000253 0.6944444444444444
000254 0.7127371273712737
000255 0.934734783671474
000256 0.8211068211068211
000257 0.7931034482758621
000258 0.689873417721519
000259 0.858139534883721
000260 0.8834285714285715
000261 0.7602905569007264
000262 0.49668141592920356
000263 0.7213114754098361
000264 0.7974434611602753
000265 0.8535564853556485
000266 0.8316326530612245
000267 0.8520475561426685
000268 0.6495327102803738
000269 0.8866459627329193
000270 0.6405529953917051
000271 0.7084942084942085
000272 0.0
000273 0.8863936591809776
000274 0.9316421378776143
000275 0.7843137254901961
000276 0.7886363636363637
000277 0.8454746136865342
000278 0.6885714285714286
000279 0.7928388746803069
000280 0.9705387205387206
000281 0.8944223107569721
000282 0.4
000284 0.7671232876712328
000285 0.8535825545171339
000286 1.0
000288 0.9929411764705882
000289 0.8260869565217391
000290 0.9427906976744186
000291 0.71875
000292 0.7171717171717171
000293 0.8115816767502161
000294 0.7975133214920072
000295 0.8
000296 0.7422867513611615
000297 0.7878787878787878
000298 0.8362021099389229
000299 0.8987341772151899
000300 0.7978910369068541
000301 0.0
000302 0.7777777777777778
